1.5154e+06,-3.6367e+06,19.749,83.023
1.5155e+06,-3.6367e+06,20.967,88.381
1.5156e+06,-3.6367e+06,22.342,94.701
1.5157e+06,-3.6367e+06,24.125,99.657
1.5158e+06,-3.6367e+06,23.368,97.641
1.5159e+06,-3.6367e+06,22.751,97.22
1.5151e+06,-3.6366e+06,18.94,56.539
1.5152e+06,-3.6366e+06,18.413,60.794
1.5153e+06,-3.6366e+06,19.178,65.692
1.5154e+06,-3.6366e+06,20.947,71.941
1.5155e+06,-3.6366e+06,21.248,76.794
1.5156e+06,-3.6366e+06,22.403,81.38
1.5157e+06,-3.6366e+06,24.406,84.689
1.5158e+06,-3.6366e+06,23.098,84.338
1.5159e+06,-3.6366e+06,21.149,86.394
1.5148e+06,-3.6365e+06,17.494,38.679
1.5149e+06,-3.6365e+06,17.17,40.699
1.515e+06,-3.6365e+06,18.472,44.454
1.5151e+06,-3.6365e+06,19.093,48.849
1.5152e+06,-3.6365e+06,19.055,53.514
1.5153e+06,-3.6365e+06,18.966,57.515
1.5154e+06,-3.6365e+06,18.568,61.843
1.5155e+06,-3.6365e+06,19.265,66.824
1.5156e+06,-3.6365e+06,21.159,71.306
1.5157e+06,-3.6365e+06,23.106,74.672
1.5158e+06,-3.6365e+06,22.363,74.698
1.5159e+06,-3.6365e+06,21.047,75.186
1.516e+06,-3.6365e+06,20.546,76.891
1.5145e+06,-3.6364e+06,22.762,43.009
1.5146e+06,-3.6364e+06,22.207,38.086
1.5147e+06,-3.6364e+06,20.701,33.044
1.5148e+06,-3.6364e+06,20.569,32.107
1.5149e+06,-3.6364e+06,19.404,33.995
1.515e+06,-3.6364e+06,19.442,38.731
1.5151e+06,-3.6364e+06,19.316,43.59
1.5152e+06,-3.6364e+06,19.787,49.485
1.5153e+06,-3.6364e+06,19.321,52.083
1.5154e+06,-3.6364e+06,17.593,55.069
1.5155e+06,-3.6364e+06,18.826,59.788
1.5156e+06,-3.6364e+06,19.879,63.047
1.5157e+06,-3.6364e+06,21.313,65.862
1.5158e+06,-3.6364e+06,21.875,67.801
1.5159e+06,-3.6364e+06,21.316,67.499
1.516e+06,-3.6364e+06,20.839,68.163
1.5161e+06,-3.6364e+06,20.349,68.669
1.5172e+06,-3.6364e+06,25.164,53.86
1.5173e+06,-3.6364e+06,27.334,51.766
1.5174e+06,-3.6364e+06,29.437,49.418
1.5175e+06,-3.6364e+06,29.145,47.336
1.5176e+06,-3.6364e+06,27.614,47.678
1.5177e+06,-3.6364e+06,28.064,49.968
1.5178e+06,-3.6364e+06,31.027,56.929
1.512e+06,-3.6363e+06,16.876,53.271
1.5121e+06,-3.6363e+06,18.891,45.934
1.5122e+06,-3.6363e+06,20.197,47.649
1.5123e+06,-3.6363e+06,21.022,50.886
1.5141e+06,-3.6363e+06,21.37,54.865
1.5142e+06,-3.6363e+06,20.892,51.722
1.5143e+06,-3.6363e+06,19.722,45.676
1.5144e+06,-3.6363e+06,19.467,39.138
1.5145e+06,-3.6363e+06,20.92,35.725
1.5146e+06,-3.6363e+06,21.446,31.521
1.5147e+06,-3.6363e+06,21.268,26.632
1.5148e+06,-3.6363e+06,22.038,27.832
1.5149e+06,-3.6363e+06,20.557,30.619
1.515e+06,-3.6363e+06,18.98,35.16
1.5151e+06,-3.6363e+06,18.738,40.354
1.5152e+06,-3.6363e+06,20.494,46.072
1.5153e+06,-3.6363e+06,20.904,47.888
1.5154e+06,-3.6363e+06,19.214,49.966
1.5155e+06,-3.6363e+06,19.986,54.525
1.5156e+06,-3.6363e+06,20.715,57.424
1.5157e+06,-3.6363e+06,21.485,59.612
1.5158e+06,-3.6363e+06,21.641,60.941
1.5159e+06,-3.6363e+06,20.301,60.4
1.516e+06,-3.6363e+06,19.78,59.03
1.5161e+06,-3.6363e+06,20.094,58.756
1.5169e+06,-3.6363e+06,23.561,52.986
1.517e+06,-3.6363e+06,26.273,52.29
1.5171e+06,-3.6363e+06,26.238,49.847
1.5172e+06,-3.6363e+06,24.482,46.738
1.5173e+06,-3.6363e+06,25.168,43.888
1.5174e+06,-3.6363e+06,25.997,41.667
1.5175e+06,-3.6363e+06,27.508,39.252
1.5176e+06,-3.6363e+06,29.291,37.969
1.5177e+06,-3.6363e+06,29.844,39.826
1.5178e+06,-3.6363e+06,31.646,46.66
1.5179e+06,-3.6363e+06,33.797,56.359
1.5113e+06,-3.6362e+06,16.255,58.152
1.5114e+06,-3.6362e+06,18.294,45.009
1.5115e+06,-3.6362e+06,20.064,39.324
1.5116e+06,-3.6362e+06,19.015,36.569
1.5117e+06,-3.6362e+06,17.824,38.481
1.5118e+06,-3.6362e+06,18.02,36.442
1.5119e+06,-3.6362e+06,17.636,36.422
1.512e+06,-3.6362e+06,17.81,37.677
1.5121e+06,-3.6362e+06,19.093,37.273
1.5122e+06,-3.6362e+06,19.283,39.929
1.5123e+06,-3.6362e+06,20.625,44.088
1.5124e+06,-3.6362e+06,21.975,52.292
1.5138e+06,-3.6362e+06,20.505,56.172
1.5139e+06,-3.6362e+06,20.002,53.805
1.514e+06,-3.6362e+06,18.97,51.235
1.5141e+06,-3.6362e+06,19.322,48.681
1.5142e+06,-3.6362e+06,19.606,45.724
1.5143e+06,-3.6362e+06,20.246,41.591
1.5144e+06,-3.6362e+06,20.791,36.447
1.5145e+06,-3.6362e+06,20.646,32.543
1.5146e+06,-3.6362e+06,19.875,28.613
1.5147e+06,-3.6362e+06,19.666,23.916
1.5148e+06,-3.6362e+06,20.134,23.7
1.5149e+06,-3.6362e+06,19.091,26.984
1.515e+06,-3.6362e+06,18.016,31.255
1.5151e+06,-3.6362e+06,19.029,36.514
1.5152e+06,-3.6362e+06,21.791,44.244
1.5153e+06,-3.6362e+06,22.283,47.294
1.5154e+06,-3.6362e+06,20.392,46.81
1.5155e+06,-3.6362e+06,20.376,49.526
1.5156e+06,-3.6362e+06,20.533,51.782
1.5157e+06,-3.6362e+06,20.463,54.146
1.5158e+06,-3.6362e+06,20.251,55.174
1.5159e+06,-3.6362e+06,19.436,54.641
1.516e+06,-3.6362e+06,19.232,51.4
1.5161e+06,-3.6362e+06,19.528,50.99
1.5165e+06,-3.6362e+06,20.907,48.255
1.5166e+06,-3.6362e+06,18.689,47.876
1.5167e+06,-3.6362e+06,17.572,48.863
1.5168e+06,-3.6362e+06,19.646,47.973
1.5169e+06,-3.6362e+06,22.75,46.481
1.517e+06,-3.6362e+06,25.416,45.606
1.5171e+06,-3.6362e+06,25.589,43.542
1.5172e+06,-3.6362e+06,23.624,40.862
1.5173e+06,-3.6362e+06,22.849,39.2
1.5174e+06,-3.6362e+06,23.844,36.18
1.5175e+06,-3.6362e+06,27.23,32.467
1.5176e+06,-3.6362e+06,31.356,29.698
1.5177e+06,-3.6362e+06,32.648,29.802
1.5178e+06,-3.6362e+06,33.344,34.704
1.5179e+06,-3.6362e+06,34.126,43.127
1.518e+06,-3.6362e+06,34.627,53.227
1.5181e+06,-3.6362e+06,37.747,63.377
1.5182e+06,-3.6362e+06,40.939,77.606
1.5107e+06,-3.6361e+06,16.804,102.04
1.5108e+06,-3.6361e+06,16.359,86.831
1.5111e+06,-3.6361e+06,5.5514,60.564
1.5112e+06,-3.6361e+06,15.39,50.987
1.5113e+06,-3.6361e+06,16.042,42.503
1.5114e+06,-3.6361e+06,17.589,34.659
1.5115e+06,-3.6361e+06,17.694,31.137
1.5116e+06,-3.6361e+06,17.572,29.64
1.5117e+06,-3.6361e+06,17.237,33.43
1.5118e+06,-3.6361e+06,17.521,29.005
1.5119e+06,-3.6361e+06,18.819,25.964
1.512e+06,-3.6361e+06,19.563,28.009
1.5121e+06,-3.6361e+06,19.932,31.187
1.5122e+06,-3.6361e+06,19.301,34.792
1.5123e+06,-3.6361e+06,20.109,38.014
1.5124e+06,-3.6361e+06,19.586,41.048
1.5136e+06,-3.6361e+06,20.031,51.969
1.5137e+06,-3.6361e+06,18.447,49.601
1.5138e+06,-3.6361e+06,16.728,48.319
1.5139e+06,-3.6361e+06,17.18,47.244
1.514e+06,-3.6361e+06,17.48,46.069
1.5141e+06,-3.6361e+06,18.016,43.865
1.5142e+06,-3.6361e+06,19.639,41.983
1.5143e+06,-3.6361e+06,21.089,39.642
1.5144e+06,-3.6361e+06,21.063,34.67
1.5145e+06,-3.6361e+06,21.119,31.296
1.5146e+06,-3.6361e+06,20.411,29.925
1.5147e+06,-3.6361e+06,19.216,25.979
1.5148e+06,-3.6361e+06,19.494,25.497
1.5149e+06,-3.6361e+06,19.239,27.429
1.515e+06,-3.6361e+06,18.591,31.198
1.5151e+06,-3.6361e+06,20.125,37.501
1.5152e+06,-3.6361e+06,22.121,42.912
1.5153e+06,-3.6361e+06,22.123,43.679
1.5154e+06,-3.6361e+06,21.186,43.305
1.5155e+06,-3.6361e+06,20.747,44.639
1.5156e+06,-3.6361e+06,19.132,45.62
1.5157e+06,-3.6361e+06,18.301,47.516
1.5158e+06,-3.6361e+06,18.688,48.355
1.5159e+06,-3.6361e+06,19.048,48.187
1.516e+06,-3.6361e+06,18.893,45.492
1.5161e+06,-3.6361e+06,18.81,43.877
1.5162e+06,-3.6361e+06,18.596,42.578
1.5163e+06,-3.6361e+06,17.977,42.135
1.5164e+06,-3.6361e+06,19.054,41.184
1.5165e+06,-3.6361e+06,19.027,40.795
1.5166e+06,-3.6361e+06,18.133,40.975
1.5167e+06,-3.6361e+06,18.776,41.443
1.5168e+06,-3.6361e+06,20.361,41.437
1.5169e+06,-3.6361e+06,22.501,41.334
1.517e+06,-3.6361e+06,24.913,40.264
1.5171e+06,-3.6361e+06,24.59,38.44
1.5172e+06,-3.6361e+06,23.288,37.215
1.5173e+06,-3.6361e+06,24.097,34.509
1.5174e+06,-3.6361e+06,25.617,32.543
1.5175e+06,-3.6361e+06,28.489,27.58
1.5176e+06,-3.6361e+06,32.214,23.769
1.5177e+06,-3.6361e+06,33.136,22.844
1.5178e+06,-3.6361e+06,32.695,26.441
1.5179e+06,-3.6361e+06,32.965,31.957
1.518e+06,-3.6361e+06,34.346,40.026
1.5181e+06,-3.6361e+06,37.282,50.891
1.5182e+06,-3.6361e+06,39.239,63.047
1.5183e+06,-3.6361e+06,38.845,68.703
1.5184e+06,-3.6361e+06,36.337,72.826
1.5106e+06,-3.636e+06,15.031,108.57
1.5107e+06,-3.636e+06,16.135,94.574
1.5108e+06,-3.636e+06,16.335,80.268
1.5109e+06,-3.636e+06,15.466,69.302
1.511e+06,-3.636e+06,10.537,56.956
1.5111e+06,-3.636e+06,10.832,45.617
1.5112e+06,-3.636e+06,15.016,36.097
1.5113e+06,-3.636e+06,14.743,29.702
1.5114e+06,-3.636e+06,15.295,26.947
1.5115e+06,-3.636e+06,14.706,25.574
1.5116e+06,-3.636e+06,15.403,24.209
1.5117e+06,-3.636e+06,16.71,26.316
1.5118e+06,-3.636e+06,16.522,28.398
1.5119e+06,-3.636e+06,16.882,24.248
1.512e+06,-3.636e+06,18.325,24.933
1.5121e+06,-3.636e+06,19.695,28.785
1.5122e+06,-3.636e+06,18.902,31.53
1.5123e+06,-3.636e+06,19.042,33.227
1.5124e+06,-3.636e+06,17.714,35.191
1.5125e+06,-3.636e+06,15.739,38.496
1.5133e+06,-3.636e+06,13.406,44.253
1.5134e+06,-3.636e+06,18.377,44.714
1.5135e+06,-3.636e+06,20.556,46.602
1.5136e+06,-3.636e+06,20.642,45.738
1.5137e+06,-3.636e+06,19.041,43.874
1.5138e+06,-3.636e+06,17,43.747
1.5139e+06,-3.636e+06,17.015,42.495
1.514e+06,-3.636e+06,17.57,42.02
1.5141e+06,-3.636e+06,18.699,40.83
1.5142e+06,-3.636e+06,20.157,40.278
1.5143e+06,-3.636e+06,19.712,36.828
1.5144e+06,-3.636e+06,17.246,32.207
1.5145e+06,-3.636e+06,18.228,29.33
1.5146e+06,-3.636e+06,18.86,28.23
1.5147e+06,-3.636e+06,17.956,26.437
1.5148e+06,-3.636e+06,19.146,26.128
1.5149e+06,-3.636e+06,20.2,28.499
1.515e+06,-3.636e+06,20.213,32.659
1.5151e+06,-3.636e+06,20.975,38.004
1.5152e+06,-3.636e+06,22.239,40.886
1.5153e+06,-3.636e+06,23.113,41.84
1.5154e+06,-3.636e+06,22.614,41.587
1.5155e+06,-3.636e+06,20.388,41.254
1.5156e+06,-3.636e+06,18.563,41.942
1.5157e+06,-3.636e+06,18.378,41.955
1.5158e+06,-3.636e+06,18.852,41.661
1.5159e+06,-3.636e+06,19.073,41.473
1.516e+06,-3.636e+06,18.58,38.667
1.5161e+06,-3.636e+06,18.454,37.776
1.5162e+06,-3.636e+06,17.852,35.945
1.5163e+06,-3.636e+06,16.683,34.629
1.5164e+06,-3.636e+06,17.161,33.745
1.5165e+06,-3.636e+06,16.788,33.811
1.5166e+06,-3.636e+06,17.056,34.543
1.5167e+06,-3.636e+06,19.709,35.404
1.5168e+06,-3.636e+06,21.521,36.203
1.5169e+06,-3.636e+06,23.032,36.546
1.517e+06,-3.636e+06,24.324,35.555
1.5171e+06,-3.636e+06,23.185,34.328
1.5172e+06,-3.636e+06,23.96,35.006
1.5173e+06,-3.636e+06,26.948,31.348
1.5174e+06,-3.636e+06,27.132,28.32
1.5175e+06,-3.636e+06,27.004,25.318
1.5176e+06,-3.636e+06,29.084,22.312
1.5177e+06,-3.636e+06,30.36,20.32
1.5178e+06,-3.636e+06,30.54,22.64
1.5179e+06,-3.636e+06,30.958,27.189
1.518e+06,-3.636e+06,32.185,31.666
1.5181e+06,-3.636e+06,34.466,38.337
1.5182e+06,-3.636e+06,35.911,47.047
1.5183e+06,-3.636e+06,35.746,54.176
1.5184e+06,-3.636e+06,33.883,61.588
1.5185e+06,-3.636e+06,32.421,73.049
1.5106e+06,-3.6359e+06,14.052,102.67
1.5107e+06,-3.6359e+06,15.29,88.818
1.5108e+06,-3.6359e+06,15.05,74.683
1.5109e+06,-3.6359e+06,13.535,61.96
1.511e+06,-3.6359e+06,12.476,51.508
1.5111e+06,-3.6359e+06,12.702,39.608
1.5112e+06,-3.6359e+06,12.612,31.177
1.5113e+06,-3.6359e+06,12.89,24.337
1.5114e+06,-3.6359e+06,13.73,23.199
1.5115e+06,-3.6359e+06,13.395,22.776
1.5116e+06,-3.6359e+06,13.501,20.845
1.5117e+06,-3.6359e+06,13.731,19.419
1.5118e+06,-3.6359e+06,12.474,26.023
1.5119e+06,-3.6359e+06,12.575,28.294
1.512e+06,-3.6359e+06,14.951,25.499
1.5121e+06,-3.6359e+06,16.344,26.841
1.5122e+06,-3.6359e+06,16.268,28.956
1.5123e+06,-3.6359e+06,16.875,29.809
1.5124e+06,-3.6359e+06,16.469,31.122
1.5125e+06,-3.6359e+06,15.172,32.737
1.5131e+06,-3.6359e+06,15.75,46.41
1.5132e+06,-3.6359e+06,15.506,43.217
1.5133e+06,-3.6359e+06,16.477,40.143
1.5134e+06,-3.6359e+06,18.608,40.769
1.5135e+06,-3.6359e+06,20.221,40.856
1.5136e+06,-3.6359e+06,20.753,39.808
1.5137e+06,-3.6359e+06,20.493,38.869
1.5138e+06,-3.6359e+06,19.033,37.55
1.5139e+06,-3.6359e+06,17.757,36.8
1.514e+06,-3.6359e+06,18.487,36.708
1.5141e+06,-3.6359e+06,18.495,36.751
1.5142e+06,-3.6359e+06,17.703,35.845
1.5143e+06,-3.6359e+06,17.152,33.48
1.5144e+06,-3.6359e+06,16.359,29.76
1.5145e+06,-3.6359e+06,17.511,27.504
1.5146e+06,-3.6359e+06,18.38,25.283
1.5147e+06,-3.6359e+06,17.837,23.947
1.5148e+06,-3.6359e+06,17.902,23.189
1.5149e+06,-3.6359e+06,18.871,26.124
1.515e+06,-3.6359e+06,19.929,30.75
1.5151e+06,-3.6359e+06,19.786,34.877
1.5152e+06,-3.6359e+06,20.656,39.159
1.5153e+06,-3.6359e+06,22.93,43.452
1.5154e+06,-3.6359e+06,23.185,40.608
1.5155e+06,-3.6359e+06,21.365,37.932
1.5156e+06,-3.6359e+06,19.98,37.388
1.5157e+06,-3.6359e+06,19.685,36.625
1.5158e+06,-3.6359e+06,19.37,35.616
1.5159e+06,-3.6359e+06,18.561,34.357
1.516e+06,-3.6359e+06,18.318,32.858
1.5161e+06,-3.6359e+06,18.473,31.801
1.5162e+06,-3.6359e+06,17.241,29.824
1.5163e+06,-3.6359e+06,16.297,28.514
1.5164e+06,-3.6359e+06,16.431,27.86
1.5165e+06,-3.6359e+06,15.243,28.135
1.5166e+06,-3.6359e+06,15.387,29.906
1.5167e+06,-3.6359e+06,18.017,31.28
1.5168e+06,-3.6359e+06,20.013,32.277
1.5169e+06,-3.6359e+06,21.938,32.095
1.517e+06,-3.6359e+06,22.28,30.827
1.5171e+06,-3.6359e+06,22.114,31.695
1.5172e+06,-3.6359e+06,24.922,31.838
1.5173e+06,-3.6359e+06,26.592,29.258
1.5174e+06,-3.6359e+06,25.864,26.822
1.5175e+06,-3.6359e+06,24.959,24.959
1.5176e+06,-3.6359e+06,25.552,22.678
1.5177e+06,-3.6359e+06,27.437,20.728
1.5178e+06,-3.6359e+06,29.079,21.415
1.5179e+06,-3.6359e+06,29.532,24.643
1.518e+06,-3.6359e+06,29.152,27.145
1.5181e+06,-3.6359e+06,30.742,30.109
1.5182e+06,-3.6359e+06,32.011,35.733
1.5183e+06,-3.6359e+06,31.851,43.102
1.5184e+06,-3.6359e+06,30.992,51.558
1.5185e+06,-3.6359e+06,30.057,62.368
1.5106e+06,-3.6358e+06,12.045,98.228
1.5107e+06,-3.6358e+06,13.473,84.046
1.5108e+06,-3.6358e+06,13.429,70.609
1.5109e+06,-3.6358e+06,11.762,59.317
1.511e+06,-3.6358e+06,11.027,49.34
1.5111e+06,-3.6358e+06,11.76,39.083
1.5112e+06,-3.6358e+06,11.942,30.177
1.5113e+06,-3.6358e+06,12.379,24.325
1.5114e+06,-3.6358e+06,12.508,22.833
1.5115e+06,-3.6358e+06,11.224,21.952
1.5116e+06,-3.6358e+06,10.044,20.43
1.5117e+06,-3.6358e+06,10.177,20.598
1.5118e+06,-3.6358e+06,10.77,25.046
1.5119e+06,-3.6358e+06,12.177,27.716
1.512e+06,-3.6358e+06,14.517,23.963
1.5121e+06,-3.6358e+06,15.882,24.633
1.5122e+06,-3.6358e+06,16.926,24.821
1.5123e+06,-3.6358e+06,17.672,25.954
1.5124e+06,-3.6358e+06,16.817,26.928
1.5125e+06,-3.6358e+06,15.965,28.519
1.5127e+06,-3.6358e+06,18.902,32.039
1.5128e+06,-3.6358e+06,19.026,35.823
1.5129e+06,-3.6358e+06,19.134,35.564
1.513e+06,-3.6358e+06,17.175,33.554
1.5131e+06,-3.6358e+06,12.672,34.205
1.5132e+06,-3.6358e+06,14.025,34.071
1.5133e+06,-3.6358e+06,18.278,35.087
1.5134e+06,-3.6358e+06,19.01,35.485
1.5135e+06,-3.6358e+06,20.448,36.035
1.5136e+06,-3.6358e+06,20.652,35.565
1.5137e+06,-3.6358e+06,19.173,33.111
1.5138e+06,-3.6358e+06,17.095,31.531
1.5139e+06,-3.6358e+06,15.798,31.15
1.514e+06,-3.6358e+06,17.685,31.913
1.5141e+06,-3.6358e+06,18.11,32.611
1.5142e+06,-3.6358e+06,16.196,31.895
1.5143e+06,-3.6358e+06,15.765,30.713
1.5144e+06,-3.6358e+06,17.524,28.238
1.5145e+06,-3.6358e+06,18.877,26.287
1.5146e+06,-3.6358e+06,19.471,24.518
1.5147e+06,-3.6358e+06,18.844,21.852
1.5148e+06,-3.6358e+06,17.692,20.06
1.5149e+06,-3.6358e+06,18.506,24.633
1.515e+06,-3.6358e+06,19.818,30.569
1.5151e+06,-3.6358e+06,19.53,35.536
1.5152e+06,-3.6358e+06,20.451,37.848
1.5153e+06,-3.6358e+06,22.72,38.866
1.5154e+06,-3.6358e+06,22.771,36.205
1.5155e+06,-3.6358e+06,20.908,33.979
1.5156e+06,-3.6358e+06,19.341,33.014
1.5157e+06,-3.6358e+06,19.784,32.368
1.5158e+06,-3.6358e+06,19.342,31.637
1.5159e+06,-3.6358e+06,17.984,30.135
1.516e+06,-3.6358e+06,18.164,28.557
1.5161e+06,-3.6358e+06,17.587,26.37
1.5162e+06,-3.6358e+06,16.169,24.122
1.5163e+06,-3.6358e+06,15.855,23.238
1.5164e+06,-3.6358e+06,15.356,23.089
1.5165e+06,-3.6358e+06,13.936,23.423
1.5166e+06,-3.6358e+06,13.959,25.413
1.5167e+06,-3.6358e+06,15.087,27.453
1.5168e+06,-3.6358e+06,16.521,28.489
1.5169e+06,-3.6358e+06,18.266,27.612
1.517e+06,-3.6358e+06,18.535,27.858
1.5171e+06,-3.6358e+06,19.593,27.987
1.5172e+06,-3.6358e+06,21.958,27.191
1.5173e+06,-3.6358e+06,22.326,26.856
1.5174e+06,-3.6358e+06,23.167,25.681
1.5175e+06,-3.6358e+06,24.781,24.074
1.5176e+06,-3.6358e+06,25.719,22.589
1.5177e+06,-3.6358e+06,26.792,20.942
1.5178e+06,-3.6358e+06,28.658,19.515
1.5179e+06,-3.6358e+06,29.047,21.978
1.518e+06,-3.6358e+06,28.19,23.694
1.5181e+06,-3.6358e+06,28.191,24.711
1.5182e+06,-3.6358e+06,28.427,29.148
1.5183e+06,-3.6358e+06,28.692,37.551
1.5184e+06,-3.6358e+06,28.996,47.128
1.5185e+06,-3.6358e+06,28.286,57.974
1.5106e+06,-3.6357e+06,11.322,95.175
1.5107e+06,-3.6357e+06,13.214,82.006
1.5108e+06,-3.6357e+06,13.621,68.498
1.5109e+06,-3.6357e+06,11.704,58.876
1.511e+06,-3.6357e+06,10.55,50.252
1.5111e+06,-3.6357e+06,12.062,39.644
1.5112e+06,-3.6357e+06,12.597,32.272
1.5113e+06,-3.6357e+06,11.311,27.312
1.5114e+06,-3.6357e+06,9.345,25.358
1.5115e+06,-3.6357e+06,8.0145,24.357
1.5116e+06,-3.6357e+06,7.1794,23.805
1.5117e+06,-3.6357e+06,8.2784,23.367
1.5118e+06,-3.6357e+06,11.101,21.909
1.5119e+06,-3.6357e+06,12.979,22.773
1.512e+06,-3.6357e+06,15.603,21.591
1.5121e+06,-3.6357e+06,17.238,20.384
1.5122e+06,-3.6357e+06,18.012,19.987
1.5123e+06,-3.6357e+06,18.804,22.6
1.5124e+06,-3.6357e+06,15.089,24.801
1.5125e+06,-3.6357e+06,14.852,27.242
1.5126e+06,-3.6357e+06,18.427,27.573
1.5127e+06,-3.6357e+06,19.637,27.443
1.5128e+06,-3.6357e+06,19.932,28.385
1.5129e+06,-3.6357e+06,19.3,28.643
1.513e+06,-3.6357e+06,16.723,29.067
1.5131e+06,-3.6357e+06,13.124,31.125
1.5132e+06,-3.6357e+06,14.575,30.784
1.5133e+06,-3.6357e+06,18.851,30.375
1.5134e+06,-3.6357e+06,21.067,31.953
1.5135e+06,-3.6357e+06,22.226,32.958
1.5136e+06,-3.6357e+06,22.931,32.405
1.5137e+06,-3.6357e+06,19.817,27.856
1.5138e+06,-3.6357e+06,15.773,26.039
1.5139e+06,-3.6357e+06,15.704,25.537
1.514e+06,-3.6357e+06,17.822,26.98
1.5141e+06,-3.6357e+06,19.588,29.021
1.5142e+06,-3.6357e+06,18.589,28.338
1.5143e+06,-3.6357e+06,17.404,28.081
1.5144e+06,-3.6357e+06,18.448,27.342
1.5145e+06,-3.6357e+06,18.603,25.354
1.5146e+06,-3.6357e+06,19.088,23.974
1.5147e+06,-3.6357e+06,18.599,21.31
1.5148e+06,-3.6357e+06,17.261,21.096
1.5149e+06,-3.6357e+06,19.445,24.796
1.515e+06,-3.6357e+06,20.472,30.34
1.5151e+06,-3.6357e+06,20.012,34.399
1.5152e+06,-3.6357e+06,20.463,31.997
1.5153e+06,-3.6357e+06,20.994,31.394
1.5154e+06,-3.6357e+06,20.527,31.366
1.5155e+06,-3.6357e+06,19.192,30.847
1.5156e+06,-3.6357e+06,17.616,32.257
1.5157e+06,-3.6357e+06,17.455,30.838
1.5158e+06,-3.6357e+06,17.538,29.35
1.5159e+06,-3.6357e+06,17.016,27.076
1.516e+06,-3.6357e+06,16.205,25.141
1.5161e+06,-3.6357e+06,14.501,23.028
1.5162e+06,-3.6357e+06,14.727,20.088
1.5163e+06,-3.6357e+06,15.306,20.384
1.5164e+06,-3.6357e+06,14.123,20.822
1.5165e+06,-3.6357e+06,12.816,19.884
1.5166e+06,-3.6357e+06,12.634,21.167
1.5167e+06,-3.6357e+06,12.483,24.468
1.5168e+06,-3.6357e+06,13.437,25.242
1.5169e+06,-3.6357e+06,15.477,25.832
1.517e+06,-3.6357e+06,16.896,25.274
1.5171e+06,-3.6357e+06,17.336,24.175
1.5172e+06,-3.6357e+06,18.316,24.229
1.5173e+06,-3.6357e+06,20.363,23.58
1.5174e+06,-3.6357e+06,22.387,23.124
1.5175e+06,-3.6357e+06,24.804,23.365
1.5176e+06,-3.6357e+06,27.36,22.765
1.5177e+06,-3.6357e+06,28.322,21.454
1.5178e+06,-3.6357e+06,29.701,19.858
1.5179e+06,-3.6357e+06,30.11,19.693
1.518e+06,-3.6357e+06,27.493,20.96
1.5181e+06,-3.6357e+06,25.976,21.948
1.5182e+06,-3.6357e+06,25.9,26.583
1.5183e+06,-3.6357e+06,26.168,34.953
1.5184e+06,-3.6357e+06,26.988,44.798
1.5185e+06,-3.6357e+06,27.495,56.567
1.5106e+06,-3.6356e+06,14.168,96.763
1.5107e+06,-3.6356e+06,13.531,79.611
1.5108e+06,-3.6356e+06,13.053,66.921
1.5109e+06,-3.6356e+06,11.238,57.559
1.511e+06,-3.6356e+06,9.2497,50.317
1.5111e+06,-3.6356e+06,10.392,40.747
1.5112e+06,-3.6356e+06,11.027,34.736
1.5113e+06,-3.6356e+06,9.7818,30.707
1.5114e+06,-3.6356e+06,8.2567,28.32
1.5115e+06,-3.6356e+06,7.2452,26.84
1.5116e+06,-3.6356e+06,6.9154,25.622
1.5117e+06,-3.6356e+06,8.5209,23.139
1.5118e+06,-3.6356e+06,11.845,20.534
1.5119e+06,-3.6356e+06,13.075,20.975
1.512e+06,-3.6356e+06,14.764,20.883
1.5121e+06,-3.6356e+06,16.593,19.725
1.5122e+06,-3.6356e+06,17.069,19.323
1.5123e+06,-3.6356e+06,17.41,21.54
1.5124e+06,-3.6356e+06,14.708,23.205
1.5125e+06,-3.6356e+06,14.844,23.847
1.5126e+06,-3.6356e+06,17.729,23.9
1.5127e+06,-3.6356e+06,19.44,23.702
1.5128e+06,-3.6356e+06,19.734,23.415
1.5129e+06,-3.6356e+06,18.031,22.706
1.513e+06,-3.6356e+06,15.88,23.369
1.5131e+06,-3.6356e+06,16.429,24.18
1.5132e+06,-3.6356e+06,18.361,25.894
1.5133e+06,-3.6356e+06,19.684,27.377
1.5134e+06,-3.6356e+06,21.513,29.045
1.5135e+06,-3.6356e+06,20.962,28.694
1.5136e+06,-3.6356e+06,20.335,26.622
1.5137e+06,-3.6356e+06,18.367,22.74
1.5138e+06,-3.6356e+06,16.367,20.856
1.5139e+06,-3.6356e+06,17.292,22.962
1.514e+06,-3.6356e+06,19.108,25.453
1.5141e+06,-3.6356e+06,21.158,28.029
1.5142e+06,-3.6356e+06,20.999,27.389
1.5143e+06,-3.6356e+06,20.019,26.717
1.5144e+06,-3.6356e+06,19.978,26.462
1.5145e+06,-3.6356e+06,19.186,24.702
1.5146e+06,-3.6356e+06,18.845,23.383
1.5147e+06,-3.6356e+06,18.758,21.804
1.5148e+06,-3.6356e+06,17.214,21.431
1.5149e+06,-3.6356e+06,17.941,24.344
1.515e+06,-3.6356e+06,18.631,26.219
1.5151e+06,-3.6356e+06,18.452,27.693
1.5152e+06,-3.6356e+06,18.482,28.204
1.5153e+06,-3.6356e+06,18.799,29.06
1.5154e+06,-3.6356e+06,19.269,28.928
1.5155e+06,-3.6356e+06,18.465,27.787
1.5156e+06,-3.6356e+06,18.083,27.479
1.5157e+06,-3.6356e+06,16.313,27.294
1.5158e+06,-3.6356e+06,14.389,28.182
1.5159e+06,-3.6356e+06,15.161,25.04
1.516e+06,-3.6356e+06,14.789,23.57
1.5161e+06,-3.6356e+06,13.383,22.958
1.5162e+06,-3.6356e+06,13.772,20.456
1.5163e+06,-3.6356e+06,13.585,20.247
1.5164e+06,-3.6356e+06,12.721,19.374
1.5165e+06,-3.6356e+06,12.554,18.964
1.5166e+06,-3.6356e+06,12.417,20.399
1.5167e+06,-3.6356e+06,12.314,22.092
1.5168e+06,-3.6356e+06,14.042,23.78
1.5169e+06,-3.6356e+06,16.797,23.451
1.517e+06,-3.6356e+06,18.798,22.4
1.5171e+06,-3.6356e+06,17.561,21.295
1.5172e+06,-3.6356e+06,16.96,21.034
1.5173e+06,-3.6356e+06,20.091,20.645
1.5174e+06,-3.6356e+06,21.667,22.61
1.5175e+06,-3.6356e+06,23.153,23.561
1.5176e+06,-3.6356e+06,25.306,22.943
1.5177e+06,-3.6356e+06,26.979,22.28
1.5178e+06,-3.6356e+06,28.714,21.26
1.5179e+06,-3.6356e+06,28.429,20.642
1.518e+06,-3.6356e+06,24.779,21.266
1.5181e+06,-3.6356e+06,23.067,23.565
1.5182e+06,-3.6356e+06,24.256,28.66
1.5183e+06,-3.6356e+06,24.504,35.996
1.5184e+06,-3.6356e+06,25.698,45.539
1.5106e+06,-3.6355e+06,14.359,93.302
1.5107e+06,-3.6355e+06,14.09,78.143
1.5108e+06,-3.6355e+06,13.395,66.307
1.5109e+06,-3.6355e+06,11.557,57.131
1.511e+06,-3.6355e+06,8.9999,51.283
1.5111e+06,-3.6355e+06,9.1694,42.888
1.5112e+06,-3.6355e+06,9.5146,37.65
1.5113e+06,-3.6355e+06,9.4443,33.652
1.5114e+06,-3.6355e+06,9.7305,30.42
1.5115e+06,-3.6355e+06,8.3323,28.283
1.5116e+06,-3.6355e+06,8.8616,25.081
1.5117e+06,-3.6355e+06,11.475,22.212
1.5118e+06,-3.6355e+06,12.386,19.268
1.5119e+06,-3.6355e+06,12.257,20.298
1.512e+06,-3.6355e+06,14.361,21.339
1.5121e+06,-3.6355e+06,17.195,21.308
1.5122e+06,-3.6355e+06,17.227,21.076
1.5123e+06,-3.6355e+06,16.433,21.776
1.5124e+06,-3.6355e+06,16.423,22.045
1.5125e+06,-3.6355e+06,16.669,21.836
1.5126e+06,-3.6355e+06,16.841,23.343
1.5127e+06,-3.6355e+06,17.474,21.85
1.5128e+06,-3.6355e+06,17.684,22.426
1.5129e+06,-3.6355e+06,16.418,22.639
1.513e+06,-3.6355e+06,15.817,19.79
1.5131e+06,-3.6355e+06,18.387,20.607
1.5132e+06,-3.6355e+06,19.687,23.918
1.5133e+06,-3.6355e+06,19.282,25.066
1.5134e+06,-3.6355e+06,18.359,24.698
1.5135e+06,-3.6355e+06,17.176,23.412
1.5136e+06,-3.6355e+06,16.692,21.644
1.5137e+06,-3.6355e+06,16.476,19.733
1.5138e+06,-3.6355e+06,18.592,18.994
1.5139e+06,-3.6355e+06,20.264,22.122
1.514e+06,-3.6355e+06,20.655,24.185
1.5141e+06,-3.6355e+06,20.597,24.697
1.5142e+06,-3.6355e+06,20.349,23.572
1.5143e+06,-3.6355e+06,21.082,23.44
1.5144e+06,-3.6355e+06,20.702,24.295
1.5145e+06,-3.6355e+06,19.713,23.785
1.5146e+06,-3.6355e+06,19.157,23.874
1.5147e+06,-3.6355e+06,17.847,21.149
1.5148e+06,-3.6355e+06,16.6,19.089
1.5149e+06,-3.6355e+06,15.644,21.625
1.515e+06,-3.6355e+06,15.528,23.892
1.5151e+06,-3.6355e+06,16.011,26.447
1.5152e+06,-3.6355e+06,15.308,27.996
1.5153e+06,-3.6355e+06,16.342,28.203
1.5154e+06,-3.6355e+06,17.661,27.636
1.5155e+06,-3.6355e+06,17.71,26.519
1.5156e+06,-3.6355e+06,19.076,26.452
1.5157e+06,-3.6355e+06,18.276,30.603
1.5158e+06,-3.6355e+06,15.482,33.004
1.5159e+06,-3.6355e+06,14.097,26.762
1.516e+06,-3.6355e+06,13.724,23.786
1.5161e+06,-3.6355e+06,13.567,23.564
1.5162e+06,-3.6355e+06,12.793,21.837
1.5163e+06,-3.6355e+06,11.967,20.527
1.5164e+06,-3.6355e+06,11.878,18.989
1.5165e+06,-3.6355e+06,11.989,18.743
1.5166e+06,-3.6355e+06,11.853,20.557
1.5167e+06,-3.6355e+06,12.098,21.669
1.5168e+06,-3.6355e+06,13.872,24.102
1.5169e+06,-3.6355e+06,17.325,23.516
1.517e+06,-3.6355e+06,18.762,23.08
1.5171e+06,-3.6355e+06,17.594,21.806
1.5172e+06,-3.6355e+06,18.073,21.253
1.5173e+06,-3.6355e+06,19.959,21.655
1.5174e+06,-3.6355e+06,20.252,24.664
1.5175e+06,-3.6355e+06,20.532,27.087
1.5176e+06,-3.6355e+06,21.499,26.332
1.5177e+06,-3.6355e+06,23.84,24.584
1.5178e+06,-3.6355e+06,26.008,23.783
1.5179e+06,-3.6355e+06,25.565,23.498
1.518e+06,-3.6355e+06,22.908,24.561
1.5181e+06,-3.6355e+06,21.838,27.65
1.5182e+06,-3.6355e+06,23.05,32.536
1.5107e+06,-3.6354e+06,13.147,76.125
1.5108e+06,-3.6354e+06,14.082,66.176
1.5109e+06,-3.6354e+06,12.201,57.028
1.511e+06,-3.6354e+06,9.621,51.738
1.5111e+06,-3.6354e+06,9.5192,44.633
1.5112e+06,-3.6354e+06,10.611,39.125
1.5113e+06,-3.6354e+06,9.8775,34.921
1.5114e+06,-3.6354e+06,8.9528,32.76
1.5115e+06,-3.6354e+06,7.4549,29.908
1.5116e+06,-3.6354e+06,9.6382,26.042
1.5117e+06,-3.6354e+06,13.393,25.156
1.5118e+06,-3.6354e+06,12.876,21.516
1.5119e+06,-3.6354e+06,12.666,21.348
1.512e+06,-3.6354e+06,14.343,22.429
1.5121e+06,-3.6354e+06,15.679,22.497
1.5122e+06,-3.6354e+06,16.158,22.319
1.5123e+06,-3.6354e+06,16.44,21.881
1.5124e+06,-3.6354e+06,16.686,20.806
1.5125e+06,-3.6354e+06,16.43,20.73
1.5126e+06,-3.6354e+06,15.296,24.751
1.5127e+06,-3.6354e+06,15.196,23.677
1.5128e+06,-3.6354e+06,15.234,23.881
1.5129e+06,-3.6354e+06,14.52,24.312
1.513e+06,-3.6354e+06,15.674,21.806
1.5131e+06,-3.6354e+06,17.663,21.857
1.5132e+06,-3.6354e+06,17.69,23.671
1.5133e+06,-3.6354e+06,16.923,23.766
1.5134e+06,-3.6354e+06,15.117,22.726
1.5135e+06,-3.6354e+06,15.002,20.726
1.5136e+06,-3.6354e+06,16.519,17.913
1.5137e+06,-3.6354e+06,17.806,17.538
1.5138e+06,-3.6354e+06,20.382,19.363
1.5139e+06,-3.6354e+06,21.269,21.694
1.514e+06,-3.6354e+06,20.748,23
1.5141e+06,-3.6354e+06,19.225,22.676
1.5142e+06,-3.6354e+06,18.998,21.397
1.5143e+06,-3.6354e+06,20.647,19.507
1.5144e+06,-3.6354e+06,20.088,22.379
1.5145e+06,-3.6354e+06,20.128,23.882
1.5146e+06,-3.6354e+06,20.09,24.874
1.5147e+06,-3.6354e+06,16.686,21.05
1.5148e+06,-3.6354e+06,14.754,19.165
1.5149e+06,-3.6354e+06,14.656,22
1.515e+06,-3.6354e+06,15.11,25.311
1.5151e+06,-3.6354e+06,15.495,27.78
1.5152e+06,-3.6354e+06,15.514,29
1.5153e+06,-3.6354e+06,17.367,29.057
1.5154e+06,-3.6354e+06,18.46,29.287
1.5155e+06,-3.6354e+06,18.224,31.646
1.5156e+06,-3.6354e+06,17.66,37.645
1.5157e+06,-3.6354e+06,17.455,40.907
1.5158e+06,-3.6354e+06,16.581,37.247
1.5159e+06,-3.6354e+06,13.453,28.264
1.516e+06,-3.6354e+06,12.732,25.002
1.5161e+06,-3.6354e+06,13.849,24.437
1.5162e+06,-3.6354e+06,12.911,23.425
1.5163e+06,-3.6354e+06,12.178,21.894
1.5164e+06,-3.6354e+06,12.111,19.87
1.5165e+06,-3.6354e+06,11.682,19.267
1.5166e+06,-3.6354e+06,10.709,21.051
1.5167e+06,-3.6354e+06,10.922,22.773
1.5168e+06,-3.6354e+06,12.301,24.695
1.5169e+06,-3.6354e+06,14.853,23.824
1.517e+06,-3.6354e+06,16.368,23.507
1.5171e+06,-3.6354e+06,17.371,22.839
1.5172e+06,-3.6354e+06,18.97,22.303
1.5173e+06,-3.6354e+06,18.937,23.728
1.5174e+06,-3.6354e+06,18.59,29.756
1.5175e+06,-3.6354e+06,18.397,35.998
1.5176e+06,-3.6354e+06,19.379,37.004
1.5177e+06,-3.6354e+06,21.873,35.655
1.5178e+06,-3.6354e+06,24.047,32.255
1.5179e+06,-3.6354e+06,23.543,28.278
1.518e+06,-3.6354e+06,20.833,28.93
1.5181e+06,-3.6354e+06,21.085,32.887
1.5107e+06,-3.6353e+06,11.051,74.167
1.5108e+06,-3.6353e+06,11.863,64.879
1.5109e+06,-3.6353e+06,10.902,56.584
1.511e+06,-3.6353e+06,9.6451,50.168
1.5111e+06,-3.6353e+06,10.55,44.435
1.5112e+06,-3.6353e+06,11.78,39.615
1.5113e+06,-3.6353e+06,11.086,35.663
1.5114e+06,-3.6353e+06,10.732,32.466
1.5115e+06,-3.6353e+06,10.049,29.084
1.5116e+06,-3.6353e+06,11.857,26.99
1.5117e+06,-3.6353e+06,13.588,25.502
1.5118e+06,-3.6353e+06,13.019,23.357
1.5119e+06,-3.6353e+06,13.524,23.422
1.512e+06,-3.6353e+06,13.485,23.651
1.5121e+06,-3.6353e+06,14.314,24.131
1.5122e+06,-3.6353e+06,15.158,23.857
1.5123e+06,-3.6353e+06,15.493,22.275
1.5124e+06,-3.6353e+06,15.642,19.771
1.5125e+06,-3.6353e+06,15.155,20.275
1.5126e+06,-3.6353e+06,13.893,24.97
1.5127e+06,-3.6353e+06,14.258,25.982
1.5128e+06,-3.6353e+06,13.885,26.896
1.5129e+06,-3.6353e+06,13.213,28.077
1.513e+06,-3.6353e+06,15.285,25.113
1.5131e+06,-3.6353e+06,16.826,23.723
1.5132e+06,-3.6353e+06,17.378,23.992
1.5133e+06,-3.6353e+06,16.736,23.586
1.5134e+06,-3.6353e+06,15.86,21.795
1.5135e+06,-3.6353e+06,16.623,19.418
1.5136e+06,-3.6353e+06,18.326,16.526
1.5137e+06,-3.6353e+06,20.005,16.726
1.5138e+06,-3.6353e+06,21.23,19.03
1.5139e+06,-3.6353e+06,20.128,20.43
1.514e+06,-3.6353e+06,18.078,21.664
1.5141e+06,-3.6353e+06,17.545,22.372
1.5142e+06,-3.6353e+06,18.234,21.745
1.5143e+06,-3.6353e+06,19.058,21.356
1.5144e+06,-3.6353e+06,19.202,22.568
1.5145e+06,-3.6353e+06,20.153,25.303
1.5146e+06,-3.6353e+06,20.216,27.114
1.5147e+06,-3.6353e+06,17.043,23.605
1.5148e+06,-3.6353e+06,14.184,23.132
1.5149e+06,-3.6353e+06,13.486,25.204
1.515e+06,-3.6353e+06,14.272,27.986
1.5151e+06,-3.6353e+06,15.077,29.759
1.5152e+06,-3.6353e+06,17.084,29.723
1.5153e+06,-3.6353e+06,18.654,30.559
1.5154e+06,-3.6353e+06,18.383,34.846
1.5155e+06,-3.6353e+06,18.189,39.686
1.5156e+06,-3.6353e+06,17.439,42.893
1.5157e+06,-3.6353e+06,17.505,41.955
1.5158e+06,-3.6353e+06,17.208,36.161
1.5159e+06,-3.6353e+06,14.857,27.901
1.516e+06,-3.6353e+06,14.121,24.611
1.5161e+06,-3.6353e+06,14.464,25.306
1.5162e+06,-3.6353e+06,13.292,24.485
1.5163e+06,-3.6353e+06,12.529,22.816
1.5164e+06,-3.6353e+06,12.008,20.053
1.5165e+06,-3.6353e+06,10.923,19.14
1.5166e+06,-3.6353e+06,10.113,21.081
1.5167e+06,-3.6353e+06,11.521,23.177
1.5168e+06,-3.6353e+06,13.423,24.755
1.5169e+06,-3.6353e+06,14.476,23.939
1.517e+06,-3.6353e+06,15.339,23.514
1.5171e+06,-3.6353e+06,16.182,23.104
1.5172e+06,-3.6353e+06,17.817,21.8
1.5173e+06,-3.6353e+06,18.202,22.631
1.5174e+06,-3.6353e+06,17.448,29.877
1.5175e+06,-3.6353e+06,17.707,37.378
1.5176e+06,-3.6353e+06,18.752,41.714
1.5177e+06,-3.6353e+06,20.15,45.523
1.5178e+06,-3.6353e+06,22.358,43.016
1.5179e+06,-3.6353e+06,22.211,37.33
1.518e+06,-3.6353e+06,19.328,34.932
1.5107e+06,-3.6352e+06,10.216,73.324
1.5108e+06,-3.6352e+06,10.516,64.565
1.5109e+06,-3.6352e+06,10.757,56.193
1.511e+06,-3.6352e+06,10.803,49.607
1.5111e+06,-3.6352e+06,11.326,44.057
1.5112e+06,-3.6352e+06,12.09,39.431
1.5113e+06,-3.6352e+06,12.51,35.413
1.5114e+06,-3.6352e+06,12.8,31.672
1.5115e+06,-3.6352e+06,12.778,28.76
1.5116e+06,-3.6352e+06,13.261,27.608
1.5117e+06,-3.6352e+06,12.836,25.025
1.5118e+06,-3.6352e+06,12.222,24.049
1.5119e+06,-3.6352e+06,12.342,24.253
1.512e+06,-3.6352e+06,11.904,25.794
1.5121e+06,-3.6352e+06,12.763,26.528
1.5122e+06,-3.6352e+06,12.674,26.402
1.5123e+06,-3.6352e+06,12.763,25.048
1.5124e+06,-3.6352e+06,13.512,23.145
1.5125e+06,-3.6352e+06,13.889,22.882
1.5126e+06,-3.6352e+06,13.9,25.43
1.5127e+06,-3.6352e+06,13.561,28.048
1.5128e+06,-3.6352e+06,12.896,29.933
1.5129e+06,-3.6352e+06,14.715,27.21
1.513e+06,-3.6352e+06,18.026,24.898
1.5131e+06,-3.6352e+06,19.245,25.291
1.5132e+06,-3.6352e+06,19.41,25.024
1.5133e+06,-3.6352e+06,18.027,26.385
1.5134e+06,-3.6352e+06,17.748,25.584
1.5135e+06,-3.6352e+06,18.828,20.734
1.5136e+06,-3.6352e+06,19.588,17.879
1.5137e+06,-3.6352e+06,21.1,16.314
1.5138e+06,-3.6352e+06,21.488,18.659
1.5139e+06,-3.6352e+06,20.024,20.303
1.514e+06,-3.6352e+06,17.479,21.703
1.5141e+06,-3.6352e+06,16.483,22.656
1.5142e+06,-3.6352e+06,17.185,22.756
1.5143e+06,-3.6352e+06,17.949,23.277
1.5144e+06,-3.6352e+06,19.43,24.915
1.5145e+06,-3.6352e+06,20.035,28.133
1.5146e+06,-3.6352e+06,18.812,28.981
1.5147e+06,-3.6352e+06,16.909,26.687
1.5148e+06,-3.6352e+06,14.461,26.628
1.5149e+06,-3.6352e+06,12.548,29.193
1.515e+06,-3.6352e+06,13.127,30.204
1.5151e+06,-3.6352e+06,15.633,30.379
1.5152e+06,-3.6352e+06,17.574,31.143
1.5153e+06,-3.6352e+06,17.5,32.17
1.5154e+06,-3.6352e+06,17.01,35.296
1.5155e+06,-3.6352e+06,16.819,38.359
1.5156e+06,-3.6352e+06,15.099,35.799
1.5157e+06,-3.6352e+06,14.379,33.422
1.5158e+06,-3.6352e+06,14.06,30.202
1.5159e+06,-3.6352e+06,12.895,26.143
1.516e+06,-3.6352e+06,13.671,23.974
1.5161e+06,-3.6352e+06,14.644,24.915
1.5162e+06,-3.6352e+06,13.652,24.132
1.5163e+06,-3.6352e+06,12.851,22.264
1.5164e+06,-3.6352e+06,12.327,20.79
1.5165e+06,-3.6352e+06,10.259,21.918
1.5166e+06,-3.6352e+06,10.078,23.308
1.5167e+06,-3.6352e+06,12.359,24.699
1.5168e+06,-3.6352e+06,14.638,23.992
1.5169e+06,-3.6352e+06,16.259,22.39
1.517e+06,-3.6352e+06,16.434,24.436
1.5171e+06,-3.6352e+06,16.221,25.392
1.5172e+06,-3.6352e+06,17.021,23.101
1.5173e+06,-3.6352e+06,17.949,21.497
1.5174e+06,-3.6352e+06,18.134,24.344
1.5175e+06,-3.6352e+06,17.701,29.715
1.5176e+06,-3.6352e+06,17.613,37.145
1.5177e+06,-3.6352e+06,18.385,43.634
1.5178e+06,-3.6352e+06,20.765,42.631
1.5179e+06,-3.6352e+06,21.579,43.556
1.5107e+06,-3.6351e+06,10.358,72.524
1.5108e+06,-3.6351e+06,11.19,63.8
1.5109e+06,-3.6351e+06,11.832,55.577
1.511e+06,-3.6351e+06,12.663,49.102
1.5111e+06,-3.6351e+06,12.201,43.225
1.5112e+06,-3.6351e+06,11.639,38.601
1.5113e+06,-3.6351e+06,12.622,34.693
1.5114e+06,-3.6351e+06,13.334,30.994
1.5115e+06,-3.6351e+06,13.658,27.311
1.5116e+06,-3.6351e+06,13.685,25.5
1.5117e+06,-3.6351e+06,12.248,23.074
1.5118e+06,-3.6351e+06,10.835,23.994
1.5119e+06,-3.6351e+06,10.541,26.387
1.512e+06,-3.6351e+06,10.721,29.055
1.5121e+06,-3.6351e+06,12.115,29.276
1.5122e+06,-3.6351e+06,12.314,28.214
1.5123e+06,-3.6351e+06,12.661,26.112
1.5124e+06,-3.6351e+06,13.591,24.024
1.5125e+06,-3.6351e+06,15.676,22.341
1.5126e+06,-3.6351e+06,16.55,23.005
1.5127e+06,-3.6351e+06,13.249,26.885
1.5128e+06,-3.6351e+06,11.93,30.945
1.5129e+06,-3.6351e+06,16.535,26.656
1.513e+06,-3.6351e+06,19.826,26.251
1.5131e+06,-3.6351e+06,19.748,26.434
1.5132e+06,-3.6351e+06,19.187,26.332
1.5133e+06,-3.6351e+06,18.154,32.653
1.5134e+06,-3.6351e+06,18.582,31.917
1.5135e+06,-3.6351e+06,18.812,22.089
1.5136e+06,-3.6351e+06,18.564,19.011
1.5137e+06,-3.6351e+06,19.262,16.757
1.5138e+06,-3.6351e+06,20.132,18.345
1.5139e+06,-3.6351e+06,20.634,21.41
1.514e+06,-3.6351e+06,18.714,22.539
1.5141e+06,-3.6351e+06,17.316,23.441
1.5142e+06,-3.6351e+06,17.557,24.257
1.5143e+06,-3.6351e+06,18.093,25.131
1.5144e+06,-3.6351e+06,20.431,28.007
1.5145e+06,-3.6351e+06,20.308,31.648
1.5146e+06,-3.6351e+06,17.204,31.505
1.5147e+06,-3.6351e+06,15.923,30.571
1.5148e+06,-3.6351e+06,15.141,29.264
1.5149e+06,-3.6351e+06,13.87,30.702
1.515e+06,-3.6351e+06,14.687,30.931
1.5151e+06,-3.6351e+06,16.588,30.846
1.5152e+06,-3.6351e+06,17.507,32.56
1.5153e+06,-3.6351e+06,17.388,34.056
1.5154e+06,-3.6351e+06,16.063,33.745
1.5155e+06,-3.6351e+06,13.617,35.144
1.5156e+06,-3.6351e+06,11.452,36.297
1.5157e+06,-3.6351e+06,10.692,34.801
1.5158e+06,-3.6351e+06,10.158,32.124
1.5159e+06,-3.6351e+06,10.45,29.509
1.516e+06,-3.6351e+06,12.469,24.689
1.5161e+06,-3.6351e+06,13.619,24.091
1.5162e+06,-3.6351e+06,12.429,22.762
1.5163e+06,-3.6351e+06,12.113,20.732
1.5164e+06,-3.6351e+06,11.937,21.435
1.5165e+06,-3.6351e+06,9.91,24.519
1.5166e+06,-3.6351e+06,10.711,25.622
1.5167e+06,-3.6351e+06,13.201,25.629
1.5168e+06,-3.6351e+06,14.65,23.906
1.5169e+06,-3.6351e+06,16.856,22.825
1.517e+06,-3.6351e+06,18.056,25.123
1.5171e+06,-3.6351e+06,17.854,24.72
1.5172e+06,-3.6351e+06,17.656,23.43
1.5173e+06,-3.6351e+06,18.38,22.376
1.5174e+06,-3.6351e+06,19.688,22.538
1.5175e+06,-3.6351e+06,18.704,24.485
1.5176e+06,-3.6351e+06,18.175,29.368
1.5177e+06,-3.6351e+06,18.804,35.019
1.5178e+06,-3.6351e+06,20.5,39.283
1.5107e+06,-3.635e+06,10.925,70.738
1.5108e+06,-3.635e+06,11.695,61.102
1.5109e+06,-3.635e+06,12.033,54.396
1.511e+06,-3.635e+06,12.753,47.762
1.5111e+06,-3.635e+06,12.867,41.457
1.5112e+06,-3.635e+06,11.019,37.57
1.5113e+06,-3.635e+06,11.635,33.656
1.5114e+06,-3.635e+06,12.442,29.747
1.5115e+06,-3.635e+06,12.621,25.253
1.5116e+06,-3.635e+06,12.51,20.912
1.5117e+06,-3.635e+06,12.908,20.513
1.5118e+06,-3.635e+06,14.714,22.941
1.5119e+06,-3.635e+06,13.235,25.302
1.512e+06,-3.635e+06,12.048,28.741
1.5121e+06,-3.635e+06,13.724,28.658
1.5122e+06,-3.635e+06,15.113,27.913
1.5123e+06,-3.635e+06,15.752,26.015
1.5124e+06,-3.635e+06,15.699,24.273
1.5125e+06,-3.635e+06,18.246,23.825
1.5126e+06,-3.635e+06,20.024,22.378
1.5127e+06,-3.635e+06,15.386,24.173
1.5128e+06,-3.635e+06,11.959,29.832
1.5129e+06,-3.635e+06,14.547,28.061
1.513e+06,-3.635e+06,17.428,25.437
1.5131e+06,-3.635e+06,17.825,25.309
1.5132e+06,-3.635e+06,17.641,26.323
1.5133e+06,-3.635e+06,18.096,32.421
1.5134e+06,-3.635e+06,19.087,29.115
1.5135e+06,-3.635e+06,18.305,22.581
1.5136e+06,-3.635e+06,17.739,20.481
1.5137e+06,-3.635e+06,19.785,18.499
1.5138e+06,-3.635e+06,17.585,18.317
1.5139e+06,-3.635e+06,16.641,20.638
1.514e+06,-3.635e+06,19.147,22.608
1.5141e+06,-3.635e+06,18.977,23.904
1.5142e+06,-3.635e+06,18.271,25.126
1.5143e+06,-3.635e+06,18.75,26.587
1.5144e+06,-3.635e+06,20.234,30.106
1.5145e+06,-3.635e+06,18.948,31.81
1.5146e+06,-3.635e+06,15.426,32.491
1.5147e+06,-3.635e+06,14.53,32.624
1.5148e+06,-3.635e+06,15.921,31.39
1.5149e+06,-3.635e+06,17.227,31.2
1.515e+06,-3.635e+06,17.057,31.099
1.5151e+06,-3.635e+06,16.123,31.482
1.5152e+06,-3.635e+06,16.151,33.393
1.5153e+06,-3.635e+06,17.192,34.505
1.5154e+06,-3.635e+06,17.546,35.258
1.5155e+06,-3.635e+06,13.967,35.377
1.5156e+06,-3.635e+06,10.94,37.089
1.5157e+06,-3.635e+06,11.196,35.39
1.5158e+06,-3.635e+06,11.492,33.531
1.5159e+06,-3.635e+06,11.853,31.052
1.516e+06,-3.635e+06,12.328,26.364
1.5161e+06,-3.635e+06,12.733,23.042
1.5162e+06,-3.635e+06,12.374,21.548
1.5163e+06,-3.635e+06,12.074,18.999
1.5164e+06,-3.635e+06,11.309,22.938
1.5165e+06,-3.635e+06,10.008,26.791
1.5166e+06,-3.635e+06,11.167,27.386
1.5167e+06,-3.635e+06,15.156,26.002
1.5168e+06,-3.635e+06,17.307,25.265
1.5169e+06,-3.635e+06,17.937,25.024
1.517e+06,-3.635e+06,18.586,24.522
1.5171e+06,-3.635e+06,18.305,23.329
1.5172e+06,-3.635e+06,18.27,22.615
1.5173e+06,-3.635e+06,19.982,22.192
1.5174e+06,-3.635e+06,21.151,22.855
1.5175e+06,-3.635e+06,19.557,24.215
1.5176e+06,-3.635e+06,18.926,28.18
1.5177e+06,-3.635e+06,19.328,33.016
1.5108e+06,-3.6349e+06,11.097,58.991
1.5109e+06,-3.6349e+06,10.728,51.818
1.511e+06,-3.6349e+06,12.195,45.433
1.5111e+06,-3.6349e+06,12.76,39.91
1.5112e+06,-3.6349e+06,10.541,36.924
1.5113e+06,-3.6349e+06,10.694,33.398
1.5114e+06,-3.6349e+06,11.531,28.885
1.5115e+06,-3.6349e+06,11.416,25.087
1.5116e+06,-3.6349e+06,11.858,21.679
1.5117e+06,-3.6349e+06,13.866,20.616
1.5118e+06,-3.6349e+06,16.855,23.538
1.5119e+06,-3.6349e+06,15.646,24.956
1.512e+06,-3.6349e+06,14.316,27.258
1.5121e+06,-3.6349e+06,14.888,28.28
1.5122e+06,-3.6349e+06,15.641,28.522
1.5123e+06,-3.6349e+06,16.717,29.34
1.5124e+06,-3.6349e+06,17.474,28.293
1.5125e+06,-3.6349e+06,19.477,25.961
1.5126e+06,-3.6349e+06,21.472,23.017
1.5127e+06,-3.6349e+06,16.94,22.895
1.5128e+06,-3.6349e+06,12.23,27.673
1.5129e+06,-3.6349e+06,12.172,28.576
1.513e+06,-3.6349e+06,14.83,24.243
1.5131e+06,-3.6349e+06,17.834,24.676
1.5132e+06,-3.6349e+06,17.285,24.351
1.5133e+06,-3.6349e+06,16.551,24.496
1.5134e+06,-3.6349e+06,17.47,24.26
1.5135e+06,-3.6349e+06,17.302,23.391
1.5136e+06,-3.6349e+06,17.78,21.904
1.5137e+06,-3.6349e+06,20.385,20.355
1.5138e+06,-3.6349e+06,18.656,18.865
1.5139e+06,-3.6349e+06,17.976,20.035
1.514e+06,-3.6349e+06,20.926,22.549
1.5141e+06,-3.6349e+06,19.097,24.424
1.5142e+06,-3.6349e+06,17.005,25.537
1.5143e+06,-3.6349e+06,17.714,26.46
1.5144e+06,-3.6349e+06,17.877,28.599
1.5145e+06,-3.6349e+06,15.575,29.972
1.5146e+06,-3.6349e+06,13.501,31.384
1.5147e+06,-3.6349e+06,13.647,31.525
1.5148e+06,-3.6349e+06,15.456,31.166
1.5149e+06,-3.6349e+06,16.977,31.275
1.515e+06,-3.6349e+06,15.879,31.813
1.5151e+06,-3.6349e+06,15.316,32.789
1.5152e+06,-3.6349e+06,15.359,33.412
1.5153e+06,-3.6349e+06,15.561,33.365
1.5154e+06,-3.6349e+06,16.429,34.465
1.5155e+06,-3.6349e+06,15.626,34.65
1.5156e+06,-3.6349e+06,13.42,34.74
1.5157e+06,-3.6349e+06,13.646,34.143
1.5158e+06,-3.6349e+06,14.591,32.238
1.5159e+06,-3.6349e+06,12.75,29.136
1.516e+06,-3.6349e+06,12.494,27.666
1.5161e+06,-3.6349e+06,11.927,24.483
1.5162e+06,-3.6349e+06,11.041,22.283
1.5163e+06,-3.6349e+06,11.647,22.526
1.5164e+06,-3.6349e+06,11.139,24.919
1.5165e+06,-3.6349e+06,11.833,26.716
1.5166e+06,-3.6349e+06,15.468,24.792
1.5167e+06,-3.6349e+06,20.141,24.045
1.5168e+06,-3.6349e+06,22.164,24.207
1.5169e+06,-3.6349e+06,22.56,24.241
1.517e+06,-3.6349e+06,22.684,22.657
1.5171e+06,-3.6349e+06,22.218,20.577
1.5172e+06,-3.6349e+06,21.431,20.053
1.5173e+06,-3.6349e+06,21.245,21.783
1.5174e+06,-3.6349e+06,21.192,24.841
1.5175e+06,-3.6349e+06,20.178,31.49
1.5176e+06,-3.6349e+06,19.334,38.256
1.5108e+06,-3.6348e+06,10.138,57.309
1.5109e+06,-3.6348e+06,8.8827,51.033
1.511e+06,-3.6348e+06,11.001,42.673
1.5111e+06,-3.6348e+06,11.554,37.602
1.5112e+06,-3.6348e+06,9.5402,35.885
1.5113e+06,-3.6348e+06,9.8117,32.787
1.5114e+06,-3.6348e+06,11.469,27.983
1.5115e+06,-3.6348e+06,11.823,24.475
1.5116e+06,-3.6348e+06,12.385,22.941
1.5117e+06,-3.6348e+06,12.477,23.973
1.5118e+06,-3.6348e+06,13.869,23.522
1.5119e+06,-3.6348e+06,16.154,24.165
1.512e+06,-3.6348e+06,16.219,26.006
1.5121e+06,-3.6348e+06,14.667,27.211
1.5122e+06,-3.6348e+06,15.284,28.042
1.5123e+06,-3.6348e+06,17.533,27.863
1.5124e+06,-3.6348e+06,18.616,26.765
1.5125e+06,-3.6348e+06,18.81,24.625
1.5126e+06,-3.6348e+06,19.134,23.59
1.5127e+06,-3.6348e+06,15.359,23.301
1.5128e+06,-3.6348e+06,11.244,27.045
1.5129e+06,-3.6348e+06,11.96,26.411
1.513e+06,-3.6348e+06,14.66,22.212
1.5131e+06,-3.6348e+06,17.762,23.383
1.5132e+06,-3.6348e+06,17.663,24.212
1.5133e+06,-3.6348e+06,15.764,24.163
1.5134e+06,-3.6348e+06,15.368,24.696
1.5135e+06,-3.6348e+06,16.007,24.313
1.5136e+06,-3.6348e+06,18.429,22.606
1.5137e+06,-3.6348e+06,21.842,21.479
1.5138e+06,-3.6348e+06,22.796,19.902
1.5139e+06,-3.6348e+06,22.71,20.485
1.514e+06,-3.6348e+06,22.052,22.876
1.5141e+06,-3.6348e+06,18.688,23.374
1.5142e+06,-3.6348e+06,16.775,24.858
1.5143e+06,-3.6348e+06,17.542,26.61
1.5144e+06,-3.6348e+06,16.367,27.971
1.5145e+06,-3.6348e+06,13.41,29.365
1.5146e+06,-3.6348e+06,12.84,29.786
1.5147e+06,-3.6348e+06,14.212,29.809
1.5148e+06,-3.6348e+06,15.907,30.228
1.5149e+06,-3.6348e+06,15.24,30.271
1.515e+06,-3.6348e+06,13.876,32.405
1.5151e+06,-3.6348e+06,14.607,32.688
1.5152e+06,-3.6348e+06,14.931,32.715
1.5153e+06,-3.6348e+06,14.039,32.256
1.5154e+06,-3.6348e+06,14.169,31.971
1.5155e+06,-3.6348e+06,15.944,32.495
1.5156e+06,-3.6348e+06,14.809,32.459
1.5157e+06,-3.6348e+06,13.741,31.96
1.5158e+06,-3.6348e+06,13.734,30.486
1.5159e+06,-3.6348e+06,11.629,29.186
1.516e+06,-3.6348e+06,12.654,29.532
1.5161e+06,-3.6348e+06,12.387,28.492
1.5162e+06,-3.6348e+06,11.788,23.766
1.5163e+06,-3.6348e+06,13.335,23.767
1.5164e+06,-3.6348e+06,12.556,25.04
1.5165e+06,-3.6348e+06,15.091,24.534
1.5166e+06,-3.6348e+06,20.409,22.992
1.5167e+06,-3.6348e+06,22.768,21.6
1.5168e+06,-3.6348e+06,23.42,19.507
1.5169e+06,-3.6348e+06,24.025,21.079
1.517e+06,-3.6348e+06,25.228,19.977
1.5171e+06,-3.6348e+06,24.283,17.365
1.5172e+06,-3.6348e+06,22.139,18.317
1.5173e+06,-3.6348e+06,20.838,23.974
1.5174e+06,-3.6348e+06,19.96,30.656
1.5175e+06,-3.6348e+06,20.134,40.388
1.5108e+06,-3.6347e+06,11.089,53.346
1.5109e+06,-3.6347e+06,9.5572,47.907
1.511e+06,-3.6347e+06,10.303,41.074
1.5111e+06,-3.6347e+06,11.036,35.249
1.5112e+06,-3.6347e+06,9.6514,33.254
1.5113e+06,-3.6347e+06,10.879,29.429
1.5114e+06,-3.6347e+06,13.266,25.219
1.5115e+06,-3.6347e+06,12.039,23.373
1.5116e+06,-3.6347e+06,11.798,23.193
1.5117e+06,-3.6347e+06,12.693,22.803
1.5118e+06,-3.6347e+06,14.061,21.956
1.5119e+06,-3.6347e+06,16.644,22.541
1.512e+06,-3.6347e+06,16.636,24.433
1.5121e+06,-3.6347e+06,14.769,26.317
1.5122e+06,-3.6347e+06,14.423,26.221
1.5123e+06,-3.6347e+06,17.749,27.227
1.5124e+06,-3.6347e+06,19.132,27.255
1.5125e+06,-3.6347e+06,16.903,25.485
1.5126e+06,-3.6347e+06,15.754,24.334
1.5127e+06,-3.6347e+06,13.853,24.123
1.5128e+06,-3.6347e+06,11.746,25.164
1.5129e+06,-3.6347e+06,13.506,21.945
1.513e+06,-3.6347e+06,16.366,19.744
1.5131e+06,-3.6347e+06,17.521,20.728
1.5132e+06,-3.6347e+06,16.238,22.018
1.5133e+06,-3.6347e+06,14.075,23.416
1.5134e+06,-3.6347e+06,15.125,24.829
1.5135e+06,-3.6347e+06,17.838,25.312
1.5136e+06,-3.6347e+06,20.611,24.008
1.5137e+06,-3.6347e+06,22.682,22.597
1.5138e+06,-3.6347e+06,24.158,19.998
1.5139e+06,-3.6347e+06,23.071,19.539
1.514e+06,-3.6347e+06,20.112,21.029
1.5141e+06,-3.6347e+06,17.649,22.437
1.5142e+06,-3.6347e+06,16.924,25.02
1.5143e+06,-3.6347e+06,17.098,26.999
1.5144e+06,-3.6347e+06,15.176,27.453
1.5145e+06,-3.6347e+06,12.794,28.316
1.5146e+06,-3.6347e+06,12.628,28.044
1.5147e+06,-3.6347e+06,14.536,27.743
1.5148e+06,-3.6347e+06,16.322,28.515
1.5149e+06,-3.6347e+06,14.961,28.381
1.515e+06,-3.6347e+06,13.882,30.88
1.5151e+06,-3.6347e+06,13.697,31.28
1.5152e+06,-3.6347e+06,13.136,31.237
1.5153e+06,-3.6347e+06,12.525,30.844
1.5154e+06,-3.6347e+06,12.868,30.042
1.5155e+06,-3.6347e+06,14.564,29.374
1.5156e+06,-3.6347e+06,13.507,29.384
1.5157e+06,-3.6347e+06,11.611,30.96
1.5158e+06,-3.6347e+06,9.8201,29.705
1.5159e+06,-3.6347e+06,11.229,28.998
1.516e+06,-3.6347e+06,14.534,30.539
1.5161e+06,-3.6347e+06,13.958,29.567
1.5162e+06,-3.6347e+06,14.797,26.209
1.5163e+06,-3.6347e+06,16.091,25.665
1.5164e+06,-3.6347e+06,15.525,25.853
1.5165e+06,-3.6347e+06,18.562,24.861
1.5166e+06,-3.6347e+06,22.645,23.384
1.5167e+06,-3.6347e+06,23.398,21.064
1.5168e+06,-3.6347e+06,22.877,19.199
1.5169e+06,-3.6347e+06,22.398,19.556
1.517e+06,-3.6347e+06,22.287,17.853
1.5171e+06,-3.6347e+06,21.782,17.033
1.5172e+06,-3.6347e+06,20.118,22.239
1.5173e+06,-3.6347e+06,19.635,30.778
1.5174e+06,-3.6347e+06,19.565,36.812
1.5108e+06,-3.6346e+06,13.16,52.798
1.5109e+06,-3.6346e+06,13.142,43.716
1.511e+06,-3.6346e+06,12.008,36.648
1.5111e+06,-3.6346e+06,10.643,32.274
1.5112e+06,-3.6346e+06,9.5687,30.398
1.5113e+06,-3.6346e+06,12.242,26.104
1.5114e+06,-3.6346e+06,14.528,23.347
1.5115e+06,-3.6346e+06,13.421,21.25
1.5116e+06,-3.6346e+06,14.094,19.983
1.5117e+06,-3.6346e+06,15.466,20.862
1.5118e+06,-3.6346e+06,15.617,20.465
1.5119e+06,-3.6346e+06,15.989,20.563
1.512e+06,-3.6346e+06,15.429,24.108
1.5121e+06,-3.6346e+06,14.974,24.674
1.5122e+06,-3.6346e+06,14.545,25.275
1.5123e+06,-3.6346e+06,16.956,26.727
1.5124e+06,-3.6346e+06,18.748,27.348
1.5125e+06,-3.6346e+06,16.069,25.823
1.5126e+06,-3.6346e+06,14.473,26.036
1.5127e+06,-3.6346e+06,13.658,26.743
1.5128e+06,-3.6346e+06,12.151,25.002
1.5129e+06,-3.6346e+06,14.055,18.872
1.513e+06,-3.6346e+06,17.843,18.951
1.5131e+06,-3.6346e+06,17.469,19.273
1.5132e+06,-3.6346e+06,15.162,20.708
1.5133e+06,-3.6346e+06,14.688,23.091
1.5134e+06,-3.6346e+06,16.644,25.492
1.5135e+06,-3.6346e+06,19.704,26.986
1.5136e+06,-3.6346e+06,22.145,26.429
1.5137e+06,-3.6346e+06,21.538,23.115
1.5138e+06,-3.6346e+06,22.409,20.943
1.5139e+06,-3.6346e+06,22.473,20.019
1.514e+06,-3.6346e+06,18.997,20.414
1.5141e+06,-3.6346e+06,17.434,22.119
1.5142e+06,-3.6346e+06,17.132,24.513
1.5143e+06,-3.6346e+06,16.272,25.077
1.5144e+06,-3.6346e+06,14.272,24.653
1.5145e+06,-3.6346e+06,12.595,25.236
1.5146e+06,-3.6346e+06,13.222,25.196
1.5147e+06,-3.6346e+06,15.057,25.066
1.5148e+06,-3.6346e+06,15.374,25.365
1.5149e+06,-3.6346e+06,14.779,25.955
1.515e+06,-3.6346e+06,13.95,27.93
1.5151e+06,-3.6346e+06,12.641,29.048
1.5152e+06,-3.6346e+06,12.038,29.211
1.5153e+06,-3.6346e+06,11.505,28.816
1.5154e+06,-3.6346e+06,11.637,27.756
1.5155e+06,-3.6346e+06,12.335,25.942
1.5156e+06,-3.6346e+06,11.513,25.144
1.5157e+06,-3.6346e+06,9.2696,28.55
1.5158e+06,-3.6346e+06,8.3004,29.484
1.5159e+06,-3.6346e+06,12.445,28.781
1.516e+06,-3.6346e+06,15.142,28.778
1.5161e+06,-3.6346e+06,14.7,33.351
1.5162e+06,-3.6346e+06,16.011,30.496
1.5163e+06,-3.6346e+06,16.055,27.187
1.5164e+06,-3.6346e+06,17.184,26.746
1.5165e+06,-3.6346e+06,20.829,25.946
1.5166e+06,-3.6346e+06,22.827,24.907
1.5167e+06,-3.6346e+06,22.994,23.742
1.5168e+06,-3.6346e+06,22.484,22.916
1.5169e+06,-3.6346e+06,21.315,22.499
1.517e+06,-3.6346e+06,18.725,21.885
1.5171e+06,-3.6346e+06,16.89,24.174
1.5172e+06,-3.6346e+06,17.425,29.942
1.5109e+06,-3.6345e+06,14.782,43.662
1.511e+06,-3.6345e+06,13.026,32.952
1.5111e+06,-3.6345e+06,10.244,29.249
1.5112e+06,-3.6345e+06,9.6253,27.72
1.5113e+06,-3.6345e+06,12.7,25.857
1.5114e+06,-3.6345e+06,14.788,23.072
1.5115e+06,-3.6345e+06,14.643,21.012
1.5116e+06,-3.6345e+06,15.488,21.665
1.5117e+06,-3.6345e+06,16.383,22.771
1.5118e+06,-3.6345e+06,15.797,22.897
1.5119e+06,-3.6345e+06,15.092,22.187
1.512e+06,-3.6345e+06,15.145,22.08
1.5121e+06,-3.6345e+06,14.759,23.148
1.5122e+06,-3.6345e+06,14.953,25.137
1.5123e+06,-3.6345e+06,16.747,26.361
1.5124e+06,-3.6345e+06,15.908,25.866
1.5125e+06,-3.6345e+06,13.651,25.873
1.5126e+06,-3.6345e+06,12.626,25.818
1.5127e+06,-3.6345e+06,12.378,25.745
1.5128e+06,-3.6345e+06,13.199,21.828
1.5129e+06,-3.6345e+06,15.976,17.931
1.513e+06,-3.6345e+06,18.378,19.101
1.5131e+06,-3.6345e+06,15.905,18.774
1.5132e+06,-3.6345e+06,14.357,20.725
1.5133e+06,-3.6345e+06,16.475,23.891
1.5134e+06,-3.6345e+06,17.748,26.226
1.5135e+06,-3.6345e+06,19.565,27.352
1.5136e+06,-3.6345e+06,20.937,26.324
1.5137e+06,-3.6345e+06,20.201,22.886
1.5138e+06,-3.6345e+06,20.288,20.266
1.5139e+06,-3.6345e+06,20.05,18.726
1.514e+06,-3.6345e+06,17.827,20.169
1.5141e+06,-3.6345e+06,16.231,21.5
1.5142e+06,-3.6345e+06,16.061,22.883
1.5143e+06,-3.6345e+06,15.231,21.981
1.5144e+06,-3.6345e+06,13.69,21.346
1.5145e+06,-3.6345e+06,12.677,22.504
1.5146e+06,-3.6345e+06,13.597,23.097
1.5147e+06,-3.6345e+06,15.165,22.731
1.5148e+06,-3.6345e+06,14.393,22.113
1.5149e+06,-3.6345e+06,13.874,23.003
1.515e+06,-3.6345e+06,13.007,24.835
1.5151e+06,-3.6345e+06,12.035,26.792
1.5152e+06,-3.6345e+06,11.598,26.487
1.5153e+06,-3.6345e+06,11.316,26.075
1.5154e+06,-3.6345e+06,12.434,24.723
1.5155e+06,-3.6345e+06,12.83,23.183
1.5156e+06,-3.6345e+06,11.207,21.891
1.5157e+06,-3.6345e+06,9.0427,26.636
1.5158e+06,-3.6345e+06,9.3412,32.704
1.5159e+06,-3.6345e+06,10.691,30.176
1.516e+06,-3.6345e+06,10.94,29.089
1.5161e+06,-3.6345e+06,12.042,35.515
1.5162e+06,-3.6345e+06,14.222,29.966
1.5163e+06,-3.6345e+06,15.453,25.376
1.5164e+06,-3.6345e+06,17.733,26.341
1.5165e+06,-3.6345e+06,20.195,27.367
1.5166e+06,-3.6345e+06,20.921,28.045
1.5167e+06,-3.6345e+06,22.208,27.398
1.5168e+06,-3.6345e+06,22.984,26.734
1.5169e+06,-3.6345e+06,20.692,27.126
1.517e+06,-3.6345e+06,17.405,29.43
1.5171e+06,-3.6345e+06,14.848,33.734
1.5109e+06,-3.6344e+06,14.613,43.946
1.511e+06,-3.6344e+06,13.177,32.318
1.5111e+06,-3.6344e+06,10.992,26.784
1.5112e+06,-3.6344e+06,11.487,24.361
1.5113e+06,-3.6344e+06,14.83,25.567
1.5114e+06,-3.6344e+06,16.433,28.085
1.5115e+06,-3.6344e+06,15.858,27.642
1.5116e+06,-3.6344e+06,16.125,28.419
1.5117e+06,-3.6344e+06,17.426,28.551
1.5118e+06,-3.6344e+06,18.069,27.958
1.5119e+06,-3.6344e+06,15.657,22.823
1.512e+06,-3.6344e+06,14.257,21.987
1.5121e+06,-3.6344e+06,13.887,23.912
1.5122e+06,-3.6344e+06,13.641,25.157
1.5123e+06,-3.6344e+06,14.895,25.794
1.5124e+06,-3.6344e+06,15.368,25.329
1.5125e+06,-3.6344e+06,13.558,23.83
1.5126e+06,-3.6344e+06,11.392,23.927
1.5127e+06,-3.6344e+06,12.223,23.14
1.5128e+06,-3.6344e+06,14.796,20.437
1.5129e+06,-3.6344e+06,17.056,18.913
1.513e+06,-3.6344e+06,16.963,18.695
1.5131e+06,-3.6344e+06,14.234,19.315
1.5132e+06,-3.6344e+06,14.275,21.961
1.5133e+06,-3.6344e+06,16.854,24.374
1.5134e+06,-3.6344e+06,17.458,25.435
1.5135e+06,-3.6344e+06,18.669,25.989
1.5136e+06,-3.6344e+06,19.087,24.869
1.5137e+06,-3.6344e+06,17.946,22.116
1.5138e+06,-3.6344e+06,16.972,19.135
1.5139e+06,-3.6344e+06,16.175,18.011
1.514e+06,-3.6344e+06,15.769,20.6
1.5141e+06,-3.6344e+06,14.194,21.505
1.5142e+06,-3.6344e+06,13.402,21.418
1.5143e+06,-3.6344e+06,12.84,19.961
1.5144e+06,-3.6344e+06,12.18,19.407
1.5145e+06,-3.6344e+06,12.485,21.378
1.5146e+06,-3.6344e+06,13.21,22.296
1.5147e+06,-3.6344e+06,14.316,21.366
1.5148e+06,-3.6344e+06,13.243,19.081
1.5149e+06,-3.6344e+06,13.943,21.64
1.515e+06,-3.6344e+06,13.262,22.801
1.5151e+06,-3.6344e+06,10.952,24.222
1.5152e+06,-3.6344e+06,11.103,23.593
1.5153e+06,-3.6344e+06,11.319,22.752
1.5154e+06,-3.6344e+06,13.016,22.223
1.5155e+06,-3.6344e+06,14.25,22.558
1.5156e+06,-3.6344e+06,11.256,19.937
1.5157e+06,-3.6344e+06,8.2274,27.828
1.5158e+06,-3.6344e+06,7.4331,36.077
1.5159e+06,-3.6344e+06,8.4417,29.987
1.516e+06,-3.6344e+06,11.198,29.486
1.5161e+06,-3.6344e+06,11.678,31.657
1.5162e+06,-3.6344e+06,12.866,25.544
1.5163e+06,-3.6344e+06,16.331,24.261
1.5164e+06,-3.6344e+06,19.426,26.597
1.5165e+06,-3.6344e+06,20.509,29.261
1.5166e+06,-3.6344e+06,20.92,30.645
1.5167e+06,-3.6344e+06,21.27,30.683
1.5168e+06,-3.6344e+06,20.348,31.797
1.5169e+06,-3.6344e+06,18.85,34.44
1.517e+06,-3.6344e+06,17.577,37.509
1.5109e+06,-3.6343e+06,14.11,45.272
1.511e+06,-3.6343e+06,13.302,35.666
1.5111e+06,-3.6343e+06,11.705,29.203
1.5112e+06,-3.6343e+06,13.051,26.717
1.5113e+06,-3.6343e+06,16.853,27.417
1.5114e+06,-3.6343e+06,18.431,30.643
1.5115e+06,-3.6343e+06,17.455,29.484
1.5116e+06,-3.6343e+06,17.385,28.24
1.5117e+06,-3.6343e+06,18.273,27.627
1.5118e+06,-3.6343e+06,19.054,26.523
1.5119e+06,-3.6343e+06,16.763,23.103
1.512e+06,-3.6343e+06,13.931,22.837
1.5121e+06,-3.6343e+06,12.674,24.226
1.5122e+06,-3.6343e+06,11.529,25.833
1.5123e+06,-3.6343e+06,11.782,26.575
1.5124e+06,-3.6343e+06,13.62,24.717
1.5125e+06,-3.6343e+06,13.894,22.634
1.5126e+06,-3.6343e+06,13.171,22.78
1.5127e+06,-3.6343e+06,13.721,23.91
1.5128e+06,-3.6343e+06,14.779,21.867
1.5129e+06,-3.6343e+06,15.749,18.933
1.513e+06,-3.6343e+06,15.353,17.909
1.5131e+06,-3.6343e+06,13.83,19.781
1.5132e+06,-3.6343e+06,14.973,23.024
1.5133e+06,-3.6343e+06,17.41,25.524
1.5134e+06,-3.6343e+06,17.288,27.058
1.5135e+06,-3.6343e+06,17.618,27.873
1.5136e+06,-3.6343e+06,17.399,24.471
1.5137e+06,-3.6343e+06,15.845,21.846
1.5138e+06,-3.6343e+06,14.43,20.073
1.5139e+06,-3.6343e+06,13.556,20.077
1.514e+06,-3.6343e+06,14.009,20.99
1.5141e+06,-3.6343e+06,13.114,22.008
1.5142e+06,-3.6343e+06,11.975,22.273
1.5143e+06,-3.6343e+06,12.369,21.49
1.5144e+06,-3.6343e+06,13.001,21.303
1.5145e+06,-3.6343e+06,13.809,22.428
1.5146e+06,-3.6343e+06,14.396,22.44
1.5147e+06,-3.6343e+06,13.632,21.486
1.5148e+06,-3.6343e+06,12.123,21.443
1.5149e+06,-3.6343e+06,13.353,22.223
1.515e+06,-3.6343e+06,13.555,22.206
1.5151e+06,-3.6343e+06,11.938,22.522
1.5152e+06,-3.6343e+06,10.626,20.935
1.5153e+06,-3.6343e+06,10.329,19.658
1.5154e+06,-3.6343e+06,11.832,21.328
1.5155e+06,-3.6343e+06,12.973,22.463
1.5156e+06,-3.6343e+06,11.382,23.034
1.5157e+06,-3.6343e+06,8.5954,27.655
1.5158e+06,-3.6343e+06,9.4891,29.558
1.5159e+06,-3.6343e+06,9.6307,25.444
1.516e+06,-3.6343e+06,9.6295,27.457
1.5161e+06,-3.6343e+06,9.7659,27.055
1.5162e+06,-3.6343e+06,12.13,23.493
1.5163e+06,-3.6343e+06,17.262,24.246
1.5164e+06,-3.6343e+06,20.548,27.775
1.5165e+06,-3.6343e+06,21.607,31.125
1.5166e+06,-3.6343e+06,21.017,32.807
1.5167e+06,-3.6343e+06,19.26,34.31
1.5168e+06,-3.6343e+06,16.996,38.536
1.5169e+06,-3.6343e+06,16.969,42.617
1.511e+06,-3.6342e+06,13.341,38.515
1.5111e+06,-3.6342e+06,12.815,33.334
1.5112e+06,-3.6342e+06,14.786,30.69
1.5113e+06,-3.6342e+06,16.622,30.791
1.5114e+06,-3.6342e+06,17.131,30.448
1.5115e+06,-3.6342e+06,17.239,29.221
1.5116e+06,-3.6342e+06,17.439,27.823
1.5117e+06,-3.6342e+06,17.297,25.581
1.5118e+06,-3.6342e+06,16.398,21.976
1.5119e+06,-3.6342e+06,15.809,22.631
1.512e+06,-3.6342e+06,14.623,22.978
1.5121e+06,-3.6342e+06,12.54,23.763
1.5122e+06,-3.6342e+06,10.811,26.186
1.5123e+06,-3.6342e+06,10.364,28.226
1.5124e+06,-3.6342e+06,11.038,27.496
1.5125e+06,-3.6342e+06,12.841,26.347
1.5126e+06,-3.6342e+06,13.874,25.561
1.5127e+06,-3.6342e+06,15.413,23.362
1.5128e+06,-3.6342e+06,17.086,21.544
1.5129e+06,-3.6342e+06,15.234,19.896
1.513e+06,-3.6342e+06,12.719,18.33
1.5131e+06,-3.6342e+06,13.082,20.549
1.5132e+06,-3.6342e+06,15.357,24.252
1.5133e+06,-3.6342e+06,16.414,27.979
1.5134e+06,-3.6342e+06,16.292,29.08
1.5135e+06,-3.6342e+06,16.677,28.469
1.5136e+06,-3.6342e+06,14.958,23.804
1.5137e+06,-3.6342e+06,13.601,21.005
1.5138e+06,-3.6342e+06,13.151,19.423
1.5139e+06,-3.6342e+06,11.849,20.309
1.514e+06,-3.6342e+06,12.039,21.933
1.5141e+06,-3.6342e+06,12.627,22.834
1.5142e+06,-3.6342e+06,12.382,23.027
1.5143e+06,-3.6342e+06,13.403,23.678
1.5144e+06,-3.6342e+06,15.088,24.336
1.5145e+06,-3.6342e+06,16.049,24.973
1.5146e+06,-3.6342e+06,15.567,23.932
1.5147e+06,-3.6342e+06,12.812,23.566
1.5148e+06,-3.6342e+06,10.753,23.478
1.5149e+06,-3.6342e+06,11.111,23.221
1.515e+06,-3.6342e+06,12.659,22.685
1.5151e+06,-3.6342e+06,12.568,21.615
1.5152e+06,-3.6342e+06,10.243,20.801
1.5153e+06,-3.6342e+06,10.169,20.278
1.5154e+06,-3.6342e+06,11.351,21.915
1.5155e+06,-3.6342e+06,11.147,23.31
1.5156e+06,-3.6342e+06,10.897,25.337
1.5157e+06,-3.6342e+06,11.213,25.337
1.5158e+06,-3.6342e+06,13.755,24.731
1.5159e+06,-3.6342e+06,11.281,24.579
1.516e+06,-3.6342e+06,7.5601,29.344
1.5161e+06,-3.6342e+06,8.3793,26.504
1.5162e+06,-3.6342e+06,11.621,23.586
1.5163e+06,-3.6342e+06,16.378,24.774
1.5164e+06,-3.6342e+06,19.278,28.736
1.5165e+06,-3.6342e+06,20.273,32.666
1.5166e+06,-3.6342e+06,19.603,35.324
1.5167e+06,-3.6342e+06,17.955,38.316
1.5168e+06,-3.6342e+06,16.135,43.672
1.511e+06,-3.6341e+06,12.733,42.438
1.5111e+06,-3.6341e+06,14.256,37.818
1.5112e+06,-3.6341e+06,14.606,34.42
1.5113e+06,-3.6341e+06,14.361,32.248
1.5114e+06,-3.6341e+06,14.714,31.189
1.5115e+06,-3.6341e+06,15.905,30.469
1.5116e+06,-3.6341e+06,16.178,28.524
1.5117e+06,-3.6341e+06,15.092,25.318
1.5118e+06,-3.6341e+06,13.747,22.499
1.5119e+06,-3.6341e+06,14.07,21.908
1.512e+06,-3.6341e+06,14.458,22.317
1.5121e+06,-3.6341e+06,12.383,23.972
1.5122e+06,-3.6341e+06,10.596,27.376
1.5123e+06,-3.6341e+06,9.8409,31.168
1.5124e+06,-3.6341e+06,11.046,29.672
1.5125e+06,-3.6341e+06,12.725,27.311
1.5126e+06,-3.6341e+06,12.801,25.99
1.5127e+06,-3.6341e+06,15.302,22.805
1.5128e+06,-3.6341e+06,18.44,22.767
1.5129e+06,-3.6341e+06,15.889,21.202
1.513e+06,-3.6341e+06,12.888,21.394
1.5131e+06,-3.6341e+06,14.57,22.137
1.5132e+06,-3.6341e+06,16.184,25.148
1.5133e+06,-3.6341e+06,16.331,29.255
1.5134e+06,-3.6341e+06,16.355,29.595
1.5135e+06,-3.6341e+06,16.472,28.909
1.5136e+06,-3.6341e+06,14.618,24.202
1.5137e+06,-3.6341e+06,13.859,20.13
1.5138e+06,-3.6341e+06,14.128,17.172
1.5139e+06,-3.6341e+06,12.848,19.783
1.514e+06,-3.6341e+06,12.832,22.167
1.5141e+06,-3.6341e+06,12.883,23.39
1.5142e+06,-3.6341e+06,13.059,23.556
1.5143e+06,-3.6341e+06,14.637,25.044
1.5144e+06,-3.6341e+06,15.283,26.056
1.5145e+06,-3.6341e+06,16.508,26.184
1.5146e+06,-3.6341e+06,16.365,25.222
1.5147e+06,-3.6341e+06,13.204,23.998
1.5148e+06,-3.6341e+06,10.723,23.967
1.5149e+06,-3.6341e+06,10.452,24.465
1.515e+06,-3.6341e+06,11.306,23.154
1.5151e+06,-3.6341e+06,11.081,22.048
1.5152e+06,-3.6341e+06,10.378,22.392
1.5153e+06,-3.6341e+06,10.317,21.769
1.5154e+06,-3.6341e+06,11.269,21.963
1.5155e+06,-3.6341e+06,11.313,23.476
1.5156e+06,-3.6341e+06,10.399,26.05
1.5157e+06,-3.6341e+06,11.096,24.376
1.5158e+06,-3.6341e+06,11.388,24.97
1.5159e+06,-3.6341e+06,8.7365,27.68
1.516e+06,-3.6341e+06,8.08,27.851
1.5161e+06,-3.6341e+06,9.6794,25.008
1.5162e+06,-3.6341e+06,11.979,22.503
1.5163e+06,-3.6341e+06,15.473,24.23
1.5164e+06,-3.6341e+06,17.334,28.705
1.5165e+06,-3.6341e+06,18.313,33.855
1.5166e+06,-3.6341e+06,17.329,38.241
1.5167e+06,-3.6341e+06,16.21,43.297
1.511e+06,-3.634e+06,10.59,46.803
1.5111e+06,-3.634e+06,13.741,41.195
1.5112e+06,-3.634e+06,15.705,38.172
1.5113e+06,-3.634e+06,15.369,35.061
1.5114e+06,-3.634e+06,15.616,33.157
1.5115e+06,-3.634e+06,15.597,31.59
1.5116e+06,-3.634e+06,14.595,28.742
1.5117e+06,-3.634e+06,14.227,25.871
1.5118e+06,-3.634e+06,13.617,23.123
1.5119e+06,-3.634e+06,13.823,20.969
1.512e+06,-3.634e+06,14.676,20.898
1.5121e+06,-3.634e+06,12.482,23.144
1.5122e+06,-3.634e+06,9.8026,28.588
1.5123e+06,-3.634e+06,11.042,28.368
1.5124e+06,-3.634e+06,14.602,25.42
1.5125e+06,-3.634e+06,14.627,25.311
1.5126e+06,-3.634e+06,13.241,25.74
1.5127e+06,-3.634e+06,15.762,23.383
1.5128e+06,-3.634e+06,18.151,22.887
1.5129e+06,-3.634e+06,15.23,21.744
1.513e+06,-3.634e+06,12.566,23.96
1.5131e+06,-3.634e+06,14.181,24.924
1.5132e+06,-3.634e+06,15.798,27.371
1.5133e+06,-3.634e+06,17.24,29.834
1.5134e+06,-3.634e+06,18.356,31.381
1.5135e+06,-3.634e+06,17.732,30.136
1.5136e+06,-3.634e+06,15.169,25.152
1.5137e+06,-3.634e+06,14.453,21.035
1.5138e+06,-3.634e+06,14.329,19.703
1.5139e+06,-3.634e+06,13.807,21.008
1.514e+06,-3.634e+06,13.636,22.807
1.5141e+06,-3.634e+06,13.2,24.273
1.5142e+06,-3.634e+06,14.698,25.252
1.5143e+06,-3.634e+06,15.111,26.119
1.5144e+06,-3.634e+06,13.832,24.94
1.5145e+06,-3.634e+06,13.94,24.263
1.5146e+06,-3.634e+06,13.607,24.013
1.5147e+06,-3.634e+06,12.108,23.426
1.5148e+06,-3.634e+06,10.785,23.729
1.5149e+06,-3.634e+06,10.717,23.949
1.515e+06,-3.634e+06,11.219,23.787
1.5151e+06,-3.634e+06,11.231,23.964
1.5152e+06,-3.634e+06,10.66,24.106
1.5153e+06,-3.634e+06,9.687,23.934
1.5154e+06,-3.634e+06,10.145,21.873
1.5155e+06,-3.634e+06,11.13,22.484
1.5156e+06,-3.634e+06,10.977,25.816
1.5157e+06,-3.634e+06,12.255,25.563
1.5158e+06,-3.634e+06,10.816,26.208
1.5159e+06,-3.634e+06,8.0868,30.011
1.516e+06,-3.634e+06,10.422,28.041
1.5161e+06,-3.634e+06,11.903,25.884
1.5162e+06,-3.634e+06,11.55,24.052
1.5163e+06,-3.634e+06,12.875,26.583
1.5164e+06,-3.634e+06,14.083,30.699
1.5165e+06,-3.634e+06,16.245,37.384
1.5166e+06,-3.634e+06,15.855,44.094
1.511e+06,-3.6339e+06,10.416,50.585
1.5111e+06,-3.6339e+06,11.588,44.941
1.5112e+06,-3.6339e+06,14.996,40.548
1.5113e+06,-3.6339e+06,16.692,37.651
1.5114e+06,-3.6339e+06,16.821,34.943
1.5115e+06,-3.6339e+06,16.095,32.608
1.5116e+06,-3.6339e+06,14.202,29.798
1.5117e+06,-3.6339e+06,14.455,26.978
1.5118e+06,-3.6339e+06,14.356,23.381
1.5119e+06,-3.6339e+06,13.649,19.919
1.512e+06,-3.6339e+06,13.492,18.688
1.5121e+06,-3.6339e+06,11.858,23.745
1.5122e+06,-3.6339e+06,10.419,27.9
1.5123e+06,-3.6339e+06,12.722,25.212
1.5124e+06,-3.6339e+06,17.101,25.725
1.5125e+06,-3.6339e+06,17.027,25.234
1.5126e+06,-3.6339e+06,16.135,25.288
1.5127e+06,-3.6339e+06,16.96,23.525
1.5128e+06,-3.6339e+06,16.093,21.929
1.5129e+06,-3.6339e+06,15.28,21.539
1.513e+06,-3.6339e+06,14.198,24.582
1.5131e+06,-3.6339e+06,14.068,29.184
1.5132e+06,-3.6339e+06,15.891,30.063
1.5133e+06,-3.6339e+06,18.083,30.555
1.5134e+06,-3.6339e+06,19.052,31.634
1.5135e+06,-3.6339e+06,18.074,31.123
1.5136e+06,-3.6339e+06,15.485,26.236
1.5137e+06,-3.6339e+06,12.79,23.13
1.5138e+06,-3.6339e+06,10.707,22.91
1.5139e+06,-3.6339e+06,10.528,22.366
1.514e+06,-3.6339e+06,10.847,22.42
1.5141e+06,-3.6339e+06,12.272,23.067
1.5142e+06,-3.6339e+06,14.566,25.267
1.5143e+06,-3.6339e+06,13.492,24.195
1.5144e+06,-3.6339e+06,11.572,22.999
1.5145e+06,-3.6339e+06,11.028,22.822
1.5146e+06,-3.6339e+06,10.241,22.973
1.5147e+06,-3.6339e+06,9.9533,22.564
1.5148e+06,-3.6339e+06,10.342,22.461
1.5149e+06,-3.6339e+06,10.562,23.236
1.515e+06,-3.6339e+06,10.773,24.615
1.5151e+06,-3.6339e+06,11.488,25.83
1.5152e+06,-3.6339e+06,10.779,25.71
1.5153e+06,-3.6339e+06,9.3203,25.496
1.5154e+06,-3.6339e+06,9.8774,24.312
1.5155e+06,-3.6339e+06,10.913,23.711
1.5156e+06,-3.6339e+06,12.072,24.421
1.5157e+06,-3.6339e+06,13.514,26.385
1.5158e+06,-3.6339e+06,11.779,25.869
1.5159e+06,-3.6339e+06,10.795,28.31
1.516e+06,-3.6339e+06,13.242,30.865
1.5161e+06,-3.6339e+06,15.201,32.895
1.5162e+06,-3.6339e+06,14.054,33.318
1.5163e+06,-3.6339e+06,12.725,35.16
1.5164e+06,-3.6339e+06,13.431,39.083
1.5165e+06,-3.6339e+06,15.824,44.965
1.5111e+06,-3.6338e+06,12.114,47.135
1.5112e+06,-3.6338e+06,14.921,42.07
1.5113e+06,-3.6338e+06,15.915,38.108
1.5114e+06,-3.6338e+06,16.886,35.191
1.5115e+06,-3.6338e+06,17.828,33.337
1.5116e+06,-3.6338e+06,15.721,29.913
1.5117e+06,-3.6338e+06,13.692,27.597
1.5118e+06,-3.6338e+06,12.789,25.298
1.5119e+06,-3.6338e+06,12.023,23.554
1.512e+06,-3.6338e+06,11.766,23.58
1.5121e+06,-3.6338e+06,12.04,24.52
1.5122e+06,-3.6338e+06,13.463,23.908
1.5123e+06,-3.6338e+06,14.788,24.163
1.5124e+06,-3.6338e+06,16.055,24.757
1.5125e+06,-3.6338e+06,15.941,25.432
1.5126e+06,-3.6338e+06,16.433,25.282
1.5127e+06,-3.6338e+06,16.18,22.843
1.5128e+06,-3.6338e+06,14.133,21.02
1.5129e+06,-3.6338e+06,15.345,20.204
1.513e+06,-3.6338e+06,17.049,22.88
1.5131e+06,-3.6338e+06,17.393,26.821
1.5132e+06,-3.6338e+06,17.831,26.287
1.5133e+06,-3.6338e+06,18.793,25.854
1.5134e+06,-3.6338e+06,18.045,25.451
1.5135e+06,-3.6338e+06,16.427,26.29
1.5136e+06,-3.6338e+06,13.77,24.335
1.5137e+06,-3.6338e+06,10.954,23.767
1.5138e+06,-3.6338e+06,10.39,23.108
1.5139e+06,-3.6338e+06,9.7405,22.615
1.514e+06,-3.6338e+06,9.9381,22.039
1.5141e+06,-3.6338e+06,11.052,22.182
1.5142e+06,-3.6338e+06,11.248,22.184
1.5143e+06,-3.6338e+06,10.747,22.099
1.5144e+06,-3.6338e+06,9.546,21.882
1.5145e+06,-3.6338e+06,8.4918,22.301
1.5146e+06,-3.6338e+06,8.7245,22.518
1.5147e+06,-3.6338e+06,9.5939,20.905
1.5148e+06,-3.6338e+06,10.485,20.326
1.5149e+06,-3.6338e+06,10.71,23.235
1.515e+06,-3.6338e+06,10.488,25.692
1.5151e+06,-3.6338e+06,11.515,27.061
1.5152e+06,-3.6338e+06,11.605,26.741
1.5153e+06,-3.6338e+06,12.17,25.21
1.5154e+06,-3.6338e+06,12.48,25.149
1.5155e+06,-3.6338e+06,11.693,25.475
1.5156e+06,-3.6338e+06,12.366,24.244
1.5157e+06,-3.6338e+06,12.545,24.533
1.5158e+06,-3.6338e+06,12.574,25.372
1.5159e+06,-3.6338e+06,13.639,27.599
1.516e+06,-3.6338e+06,14.036,32.397
1.5161e+06,-3.6338e+06,14.729,40.367
1.5162e+06,-3.6338e+06,14.839,43.218
1.5163e+06,-3.6338e+06,13.848,44.179
1.5164e+06,-3.6338e+06,14.2,48.957
1.5111e+06,-3.6337e+06,12.416,48.023
1.5112e+06,-3.6337e+06,14.849,42.591
1.5113e+06,-3.6337e+06,15.876,38.069
1.5114e+06,-3.6337e+06,17.821,35.243
1.5115e+06,-3.6337e+06,19.175,32.968
1.5116e+06,-3.6337e+06,17.287,29.048
1.5117e+06,-3.6337e+06,13.719,27.825
1.5118e+06,-3.6337e+06,11.403,27.554
1.5119e+06,-3.6337e+06,12.027,25.222
1.512e+06,-3.6337e+06,13.166,22.593
1.5121e+06,-3.6337e+06,13.65,20.509
1.5122e+06,-3.6337e+06,15.748,21.864
1.5123e+06,-3.6337e+06,15.204,23.266
1.5124e+06,-3.6337e+06,14.06,24.431
1.5125e+06,-3.6337e+06,15.613,23.754
1.5126e+06,-3.6337e+06,17.097,22.868
1.5127e+06,-3.6337e+06,15.614,21.036
1.5128e+06,-3.6337e+06,13.341,19.601
1.5129e+06,-3.6337e+06,15.155,18.889
1.513e+06,-3.6337e+06,17.667,19.402
1.5131e+06,-3.6337e+06,17.589,19.935
1.5132e+06,-3.6337e+06,16.271,19.764
1.5133e+06,-3.6337e+06,15.591,20.506
1.5134e+06,-3.6337e+06,14.641,21.41
1.5135e+06,-3.6337e+06,13.251,22.482
1.5136e+06,-3.6337e+06,11.61,23.659
1.5137e+06,-3.6337e+06,10.478,24.923
1.5138e+06,-3.6337e+06,11.101,23.505
1.5139e+06,-3.6337e+06,10.921,21.827
1.514e+06,-3.6337e+06,10.214,20.4
1.5141e+06,-3.6337e+06,10.042,20.565
1.5142e+06,-3.6337e+06,9.0712,22.403
1.5143e+06,-3.6337e+06,9.1545,22.628
1.5144e+06,-3.6337e+06,8.7855,20.308
1.5145e+06,-3.6337e+06,8.026,21.232
1.5146e+06,-3.6337e+06,8.515,22.409
1.5147e+06,-3.6337e+06,9.1503,22.119
1.5148e+06,-3.6337e+06,9.3994,22.496
1.5149e+06,-3.6337e+06,9.8334,25.75
1.515e+06,-3.6337e+06,10.578,27.997
1.5151e+06,-3.6337e+06,9.5006,29.436
1.5152e+06,-3.6337e+06,10.761,29.009
1.5153e+06,-3.6337e+06,13.683,27.627
1.5154e+06,-3.6337e+06,13.264,26.478
1.5155e+06,-3.6337e+06,11.852,26.337
1.5156e+06,-3.6337e+06,11.688,24.649
1.5157e+06,-3.6337e+06,11.877,22.312
1.5158e+06,-3.6337e+06,13.065,25.546
1.5159e+06,-3.6337e+06,13.641,29.259
1.516e+06,-3.6337e+06,12.932,32.983
1.5161e+06,-3.6337e+06,12.024,42.599
1.5162e+06,-3.6337e+06,12.661,47.35
1.5111e+06,-3.6336e+06,13.126,49.231
1.5112e+06,-3.6336e+06,15.36,43.065
1.5113e+06,-3.6336e+06,17.976,39.175
1.5114e+06,-3.6336e+06,19.107,35.335
1.5115e+06,-3.6336e+06,18.968,31.025
1.5116e+06,-3.6336e+06,16.129,27.393
1.5117e+06,-3.6336e+06,13.126,27.631
1.5118e+06,-3.6336e+06,12.169,26.084
1.5119e+06,-3.6336e+06,14.457,22.091
1.512e+06,-3.6336e+06,16.584,19.468
1.5121e+06,-3.6336e+06,16.152,18.849
1.5122e+06,-3.6336e+06,16.659,21.423
1.5123e+06,-3.6336e+06,15.188,22.416
1.5124e+06,-3.6336e+06,14.624,23.69
1.5125e+06,-3.6336e+06,17.25,23.319
1.5126e+06,-3.6336e+06,18.553,23.809
1.5127e+06,-3.6336e+06,17.215,21.344
1.5128e+06,-3.6336e+06,13.358,19.504
1.5129e+06,-3.6336e+06,13.806,18.279
1.513e+06,-3.6336e+06,16.138,17.73
1.5131e+06,-3.6336e+06,14.785,16.459
1.5132e+06,-3.6336e+06,12.328,17.973
1.5133e+06,-3.6336e+06,12.25,18.918
1.5134e+06,-3.6336e+06,13.707,19.3
1.5135e+06,-3.6336e+06,11.882,21.682
1.5136e+06,-3.6336e+06,9.8422,24.015
1.5137e+06,-3.6336e+06,9.7684,25.231
1.5138e+06,-3.6336e+06,11.497,24.104
1.5139e+06,-3.6336e+06,12.054,21.945
1.514e+06,-3.6336e+06,10.964,19.157
1.5141e+06,-3.6336e+06,10.955,19.684
1.5142e+06,-3.6336e+06,9.8085,22.045
1.5143e+06,-3.6336e+06,8.6074,22.731
1.5144e+06,-3.6336e+06,8.4665,19.59
1.5145e+06,-3.6336e+06,9.1318,21.363
1.5146e+06,-3.6336e+06,9.7423,23.578
1.5147e+06,-3.6336e+06,10.481,25.245
1.5148e+06,-3.6336e+06,10.566,26.509
1.5149e+06,-3.6336e+06,11.111,28.668
1.515e+06,-3.6336e+06,10.594,31.002
1.5151e+06,-3.6336e+06,8.1855,34.061
1.5152e+06,-3.6336e+06,10.59,33.23
1.5153e+06,-3.6336e+06,13.018,31.097
1.5154e+06,-3.6336e+06,12.9,29.244
1.5155e+06,-3.6336e+06,13.058,27.885
1.5156e+06,-3.6336e+06,12.749,27.088
1.5157e+06,-3.6336e+06,12.49,25.157
1.5158e+06,-3.6336e+06,11.631,28.022
1.5159e+06,-3.6336e+06,11.345,33.627
1.516e+06,-3.6336e+06,12.242,40.927
1.5161e+06,-3.6336e+06,11.158,48.321
1.5111e+06,-3.6335e+06,12.582,50.769
1.5112e+06,-3.6335e+06,15.901,43.642
1.5113e+06,-3.6335e+06,18.348,38.874
1.5114e+06,-3.6335e+06,18.193,33.767
1.5115e+06,-3.6335e+06,17.191,28.493
1.5116e+06,-3.6335e+06,14.366,26.3
1.5117e+06,-3.6335e+06,13.151,25.777
1.5118e+06,-3.6335e+06,13.935,23.05
1.5119e+06,-3.6335e+06,16.385,21.452
1.512e+06,-3.6335e+06,18.451,20.794
1.5121e+06,-3.6335e+06,17.055,19.174
1.5122e+06,-3.6335e+06,14.545,20.045
1.5123e+06,-3.6335e+06,14.334,21.791
1.5124e+06,-3.6335e+06,15.993,22.197
1.5125e+06,-3.6335e+06,18.094,22.74
1.5126e+06,-3.6335e+06,19.36,23.597
1.5127e+06,-3.6335e+06,18.277,22.682
1.5128e+06,-3.6335e+06,14.644,20.161
1.5129e+06,-3.6335e+06,13.448,18.894
1.513e+06,-3.6335e+06,13.406,17.232
1.5131e+06,-3.6335e+06,11.865,16.342
1.5132e+06,-3.6335e+06,11.137,17.325
1.5133e+06,-3.6335e+06,11.753,17.358
1.5134e+06,-3.6335e+06,12.393,17.716
1.5135e+06,-3.6335e+06,10.362,21.457
1.5136e+06,-3.6335e+06,9.5434,23.98
1.5137e+06,-3.6335e+06,10.944,25.282
1.5138e+06,-3.6335e+06,12.112,26.278
1.5139e+06,-3.6335e+06,11.939,24.406
1.514e+06,-3.6335e+06,13.019,22.4
1.5141e+06,-3.6335e+06,13.757,22.842
1.5142e+06,-3.6335e+06,11.651,23.314
1.5143e+06,-3.6335e+06,9.0624,24.019
1.5144e+06,-3.6335e+06,9.1345,24.214
1.5145e+06,-3.6335e+06,12.13,25.077
1.5146e+06,-3.6335e+06,13.419,27.321
1.5147e+06,-3.6335e+06,12.36,29.247
1.5148e+06,-3.6335e+06,10.646,31.489
1.5149e+06,-3.6335e+06,10.156,33.957
1.515e+06,-3.6335e+06,9.1211,36.701
1.5151e+06,-3.6335e+06,7.7441,39.403
1.5152e+06,-3.6335e+06,10.021,38.41
1.5153e+06,-3.6335e+06,12.132,35.479
1.5154e+06,-3.6335e+06,12.778,33.737
1.5155e+06,-3.6335e+06,14.342,32.103
1.5156e+06,-3.6335e+06,14.225,31.534
1.5157e+06,-3.6335e+06,12.875,32.783
1.5158e+06,-3.6335e+06,11.085,34.933
1.5159e+06,-3.6335e+06,10.3,41.417
1.516e+06,-3.6335e+06,11.869,49.877
1.5112e+06,-3.6334e+06,15.214,43.422
1.5113e+06,-3.6334e+06,17.411,37.912
1.5114e+06,-3.6334e+06,17.449,32.395
1.5115e+06,-3.6334e+06,17.451,28.001
1.5116e+06,-3.6334e+06,15.301,27.307
1.5117e+06,-3.6334e+06,14.71,24.381
1.5118e+06,-3.6334e+06,17.234,21.546
1.5119e+06,-3.6334e+06,19.344,23.276
1.512e+06,-3.6334e+06,18.218,22.273
1.5121e+06,-3.6334e+06,16.577,21.283
1.5122e+06,-3.6334e+06,13.719,21.067
1.5123e+06,-3.6334e+06,13.702,21.26
1.5124e+06,-3.6334e+06,15.89,21.076
1.5125e+06,-3.6334e+06,16.869,21.452
1.5126e+06,-3.6334e+06,17.409,22.312
1.5127e+06,-3.6334e+06,16.382,21.765
1.5128e+06,-3.6334e+06,15.021,20.471
1.5129e+06,-3.6334e+06,13.147,18.912
1.513e+06,-3.6334e+06,11.76,17.857
1.5131e+06,-3.6334e+06,11.96,16.76
1.5132e+06,-3.6334e+06,13.311,17.014
1.5133e+06,-3.6334e+06,12.017,17.371
1.5134e+06,-3.6334e+06,10.008,18.95
1.5135e+06,-3.6334e+06,9.4687,21.485
1.5136e+06,-3.6334e+06,10.973,24.095
1.5137e+06,-3.6334e+06,13.323,28.267
1.5138e+06,-3.6334e+06,13.256,29.347
1.5139e+06,-3.6334e+06,10.361,28.536
1.514e+06,-3.6334e+06,10.318,27.714
1.5141e+06,-3.6334e+06,11.359,26.95
1.5142e+06,-3.6334e+06,9.157,28.132
1.5143e+06,-3.6334e+06,8.9673,28.91
1.5144e+06,-3.6334e+06,9.3668,30.364
1.5145e+06,-3.6334e+06,9.6485,33.416
1.5146e+06,-3.6334e+06,12.729,33.971
1.5147e+06,-3.6334e+06,12.833,35.012
1.5148e+06,-3.6334e+06,9.5802,37.919
1.5152e+06,-3.6334e+06,11.286,51.269
1.5153e+06,-3.6334e+06,11.376,46.681
1.5154e+06,-3.6334e+06,12.598,41.873
1.5155e+06,-3.6334e+06,12.992,38.925
1.5156e+06,-3.6334e+06,12.992,38.143
1.5157e+06,-3.6334e+06,10.983,40.153
1.5158e+06,-3.6334e+06,9.5713,45.361
1.5159e+06,-3.6334e+06,10.238,49.33
1.5112e+06,-3.6333e+06,15.111,43.483
1.5113e+06,-3.6333e+06,17.624,37.013
1.5114e+06,-3.6333e+06,16.786,30.586
1.5115e+06,-3.6333e+06,18.514,27.339
1.5116e+06,-3.6333e+06,18.014,24.096
1.5117e+06,-3.6333e+06,16.523,21.816
1.5118e+06,-3.6333e+06,18.855,23.423
1.5119e+06,-3.6333e+06,19.899,25.914
1.512e+06,-3.6333e+06,18.057,25.124
1.5121e+06,-3.6333e+06,16.037,24.267
1.5122e+06,-3.6333e+06,13.817,22.531
1.5123e+06,-3.6333e+06,13.482,21.548
1.5124e+06,-3.6333e+06,14.077,20.426
1.5125e+06,-3.6333e+06,13.838,20.456
1.5126e+06,-3.6333e+06,13.224,22.182
1.5127e+06,-3.6333e+06,12.797,21.152
1.5128e+06,-3.6333e+06,14.786,20.501
1.5129e+06,-3.6333e+06,13.9,18.958
1.513e+06,-3.6333e+06,12.598,17.062
1.5131e+06,-3.6333e+06,14.131,16.362
1.5132e+06,-3.6333e+06,14.596,17.191
1.5133e+06,-3.6333e+06,12.927,17.038
1.5134e+06,-3.6333e+06,12.529,16.731
1.5135e+06,-3.6333e+06,12.387,20.34
1.5136e+06,-3.6333e+06,12.685,25.307
1.5137e+06,-3.6333e+06,14.817,28.659
1.5138e+06,-3.6333e+06,14.469,29.338
1.5139e+06,-3.6333e+06,12.028,31.532
1.514e+06,-3.6333e+06,10.772,32.95
1.5141e+06,-3.6333e+06,10.241,34.052
1.5142e+06,-3.6333e+06,9.5332,35.651
1.5143e+06,-3.6333e+06,10.471,34.864
1.5144e+06,-3.6333e+06,9.2024,38.363
1.5155e+06,-3.6333e+06,10.976,47.962
1.5156e+06,-3.6333e+06,11.961,46.256
1.5157e+06,-3.6333e+06,10.7,49.972
1.5158e+06,-3.6333e+06,9.2686,57.573
1.5112e+06,-3.6332e+06,18.647,45.188
1.5113e+06,-3.6332e+06,18.731,36.9
1.5114e+06,-3.6332e+06,16.65,29.47
1.5115e+06,-3.6332e+06,17.337,24.682
1.5116e+06,-3.6332e+06,19.184,24.879
1.5117e+06,-3.6332e+06,18.068,23.72
1.5118e+06,-3.6332e+06,17.725,25.322
1.5119e+06,-3.6332e+06,17.675,26.593
1.512e+06,-3.6332e+06,16.793,26.413
1.5121e+06,-3.6332e+06,14.702,25.347
1.5122e+06,-3.6332e+06,12.289,23.496
1.5123e+06,-3.6332e+06,12.288,22.115
1.5124e+06,-3.6332e+06,12.417,20.437
1.5125e+06,-3.6332e+06,11.123,20.093
1.5126e+06,-3.6332e+06,12.471,21.409
1.5127e+06,-3.6332e+06,13.477,21.163
1.5128e+06,-3.6332e+06,14.675,21.372
1.5129e+06,-3.6332e+06,13.857,21.013
1.513e+06,-3.6332e+06,13.258,19.324
1.5131e+06,-3.6332e+06,15.091,18.801
1.5132e+06,-3.6332e+06,13.402,16.052
1.5133e+06,-3.6332e+06,12.051,18.61
1.5134e+06,-3.6332e+06,13.766,19.661
1.5135e+06,-3.6332e+06,13.796,23.332
1.5136e+06,-3.6332e+06,13.298,26.3
1.5137e+06,-3.6332e+06,12.661,28.959
1.5138e+06,-3.6332e+06,11.125,33.793
1.5139e+06,-3.6332e+06,11.431,35.81
1.514e+06,-3.6332e+06,11.98,37.116
1.5141e+06,-3.6332e+06,11.594,41.697
1.5155e+06,-3.6332e+06,10.384,57.007
1.5156e+06,-3.6332e+06,12.109,55.358
1.5157e+06,-3.6332e+06,11.569,59.727
1.5113e+06,-3.6331e+06,18.787,37.097
1.5114e+06,-3.6331e+06,18.118,28.918
1.5115e+06,-3.6331e+06,15.169,22.549
1.5116e+06,-3.6331e+06,14.719,24.939
1.5117e+06,-3.6331e+06,15.912,23.981
1.5118e+06,-3.6331e+06,14.652,24.87
1.5119e+06,-3.6331e+06,13.961,25.466
1.512e+06,-3.6331e+06,14.481,26.552
1.5121e+06,-3.6331e+06,13.29,26.775
1.5122e+06,-3.6331e+06,12.051,24.76
1.5123e+06,-3.6331e+06,10.509,23.137
1.5124e+06,-3.6331e+06,11.254,21.598
1.5125e+06,-3.6331e+06,12.592,21.004
1.5126e+06,-3.6331e+06,13.048,22.293
1.5127e+06,-3.6331e+06,11.964,22.283
1.5128e+06,-3.6331e+06,11.959,24.124
1.5129e+06,-3.6331e+06,12.919,24.502
1.513e+06,-3.6331e+06,15.156,22.658
1.5131e+06,-3.6331e+06,16.777,21.59
1.5132e+06,-3.6331e+06,14.105,20.835
1.5133e+06,-3.6331e+06,12.836,22.213
1.5134e+06,-3.6331e+06,14.834,23.213
1.5135e+06,-3.6331e+06,14.549,26.112
1.5136e+06,-3.6331e+06,12.753,29.716
1.5137e+06,-3.6331e+06,9.9412,35.694
1.5138e+06,-3.6331e+06,8.4693,39.999
1.5113e+06,-3.633e+06,17.164,37.949
1.5114e+06,-3.633e+06,17.986,30.345
1.5115e+06,-3.633e+06,15.362,23.707
1.5116e+06,-3.633e+06,14.517,23.526
1.5117e+06,-3.633e+06,13.986,23.675
1.5118e+06,-3.633e+06,11.802,25.083
1.5119e+06,-3.633e+06,11.99,25.373
1.512e+06,-3.633e+06,13.851,25.714
1.5121e+06,-3.633e+06,14.052,26.626
1.5122e+06,-3.633e+06,13.169,26.076
1.5123e+06,-3.633e+06,11.268,25.015
1.5124e+06,-3.633e+06,11.82,23.861
1.5125e+06,-3.633e+06,13.129,23.269
1.5126e+06,-3.633e+06,10.251,23.756
1.5127e+06,-3.633e+06,8.7715,24.873
1.5128e+06,-3.633e+06,12.804,23.742
1.5129e+06,-3.633e+06,16.748,25.544
1.513e+06,-3.633e+06,18.427,26.505
1.5131e+06,-3.633e+06,16.883,25.124
1.5132e+06,-3.633e+06,13.915,25.915
1.5133e+06,-3.633e+06,14.103,27.1
1.5134e+06,-3.633e+06,16.264,28.95
1.5113e+06,-3.6329e+06,18.617,40.782
1.5114e+06,-3.6329e+06,17.728,33.068
1.5115e+06,-3.6329e+06,16.187,27.492
1.5116e+06,-3.6329e+06,16.995,25.679
1.5117e+06,-3.6329e+06,14.723,24.337
1.5118e+06,-3.6329e+06,11.644,25.14
1.5119e+06,-3.6329e+06,12.047,25.093
1.512e+06,-3.6329e+06,13.478,24.824
1.5121e+06,-3.6329e+06,14.085,24.974
1.5122e+06,-3.6329e+06,13.403,25.157
1.5123e+06,-3.6329e+06,13.155,26.189
1.5124e+06,-3.6329e+06,11.95,26.773
1.5125e+06,-3.6329e+06,9.4688,26.914
1.5126e+06,-3.6329e+06,7.5704,27.426
1.5127e+06,-3.6329e+06,9.6292,25.376
1.5128e+06,-3.6329e+06,14.016,25.884
1.5129e+06,-3.6329e+06,16.691,28.082
1.513e+06,-3.6329e+06,18.439,30.06
1.5131e+06,-3.6329e+06,16.098,29.416
1.5114e+06,-3.6328e+06,19.186,38.176
1.5115e+06,-3.6328e+06,16.354,31.49
1.5116e+06,-3.6328e+06,16.385,28.332
1.5117e+06,-3.6328e+06,14.396,25.213
1.5118e+06,-3.6328e+06,11.055,24.821
1.5119e+06,-3.6328e+06,11.004,24.028
1.512e+06,-3.6328e+06,13.011,23.274
1.5121e+06,-3.6328e+06,13.92,22.805
1.5122e+06,-3.6328e+06,13.71,21.678
1.5123e+06,-3.6328e+06,14.728,21.01
1.5124e+06,-3.6328e+06,14.067,21.718
1.5125e+06,-3.6328e+06,9.61,23.559
1.5126e+06,-3.6328e+06,7.4735,26.906
1.5127e+06,-3.6328e+06,9.1184,27.027
1.5128e+06,-3.6328e+06,9.7923,29.222
1.5129e+06,-3.6328e+06,10.697,30.89
1.513e+06,-3.6328e+06,11.489,32.879
1.5114e+06,-3.6327e+06,20.274,43.452
1.5115e+06,-3.6327e+06,17.263,35.433
1.5116e+06,-3.6327e+06,16.081,30.593
1.5117e+06,-3.6327e+06,13.605,25.834
1.5118e+06,-3.6327e+06,10.574,24.06
1.5119e+06,-3.6327e+06,9.9717,23.988
1.512e+06,-3.6327e+06,9.2485,24.023
1.5121e+06,-3.6327e+06,9.5747,22.692
1.5122e+06,-3.6327e+06,10.343,20.338
1.5123e+06,-3.6327e+06,10.926,17.976
1.5124e+06,-3.6327e+06,9.574,19.218
1.5125e+06,-3.6327e+06,6.1695,24.832
1.5126e+06,-3.6327e+06,5.6114,28.959
1.5127e+06,-3.6327e+06,6.3801,31.193
1.5128e+06,-3.6327e+06,6.3545,34.971
1.5129e+06,-3.6327e+06,8.6633,35.472
1.513e+06,-3.6327e+06,11.905,36.006
1.5131e+06,-3.6327e+06,12.687,38.888
1.5114e+06,-3.6326e+06,19.7,47.898
1.5115e+06,-3.6326e+06,19.253,40.987
1.5116e+06,-3.6326e+06,17.169,33.994
1.5117e+06,-3.6326e+06,14.624,27.355
1.5118e+06,-3.6326e+06,13.411,22.345
1.5119e+06,-3.6326e+06,12.552,20.663
1.512e+06,-3.6326e+06,9.6421,23.066
1.5121e+06,-3.6326e+06,7.4336,24.683
1.5122e+06,-3.6326e+06,7.2256,23.864
1.5123e+06,-3.6326e+06,6.2311,22.505
1.5124e+06,-3.6326e+06,4.8417,23.942
1.5125e+06,-3.6326e+06,4.6879,27.166
1.5126e+06,-3.6326e+06,5.406,30.681
1.5127e+06,-3.6326e+06,6.6112,33.258
1.5128e+06,-3.6326e+06,8.2467,35.697
1.5129e+06,-3.6326e+06,11.867,36.922
1.513e+06,-3.6326e+06,15.119,39.653
1.5131e+06,-3.6326e+06,14.133,43.52
1.5115e+06,-3.6325e+06,19.334,45.234
1.5116e+06,-3.6325e+06,17.281,37.564
1.5117e+06,-3.6325e+06,15.851,31.471
1.5118e+06,-3.6325e+06,13.912,24.822
1.5119e+06,-3.6325e+06,12.989,21.904
1.512e+06,-3.6325e+06,11.864,21.286
1.5121e+06,-3.6325e+06,8.5823,21.817
1.5122e+06,-3.6325e+06,6.7007,22.614
1.5123e+06,-3.6325e+06,6.1941,22.41
1.5124e+06,-3.6325e+06,7.2647,20.868
1.5125e+06,-3.6325e+06,9.724,22.317
1.5126e+06,-3.6325e+06,10.423,27.207
1.5127e+06,-3.6325e+06,10.768,31.583
1.5128e+06,-3.6325e+06,10.924,36.253
1.5129e+06,-3.6325e+06,12.371,40.162
1.513e+06,-3.6325e+06,14.104,43.848
1.5131e+06,-3.6325e+06,13.948,47.78
1.5115e+06,-3.6324e+06,19.467,49.248
1.5116e+06,-3.6324e+06,16.775,41.333
1.5117e+06,-3.6324e+06,14.827,36.743
1.5118e+06,-3.6324e+06,13.613,28.891
1.5119e+06,-3.6324e+06,13.088,25.195
1.512e+06,-3.6324e+06,12.627,23.249
1.5121e+06,-3.6324e+06,10.84,19.979
1.5122e+06,-3.6324e+06,9.2912,19.004
1.5123e+06,-3.6324e+06,9.5935,19.968
1.5124e+06,-3.6324e+06,11.984,19.847
1.5125e+06,-3.6324e+06,14.129,22.81
1.5126e+06,-3.6324e+06,13.778,27.548
1.5127e+06,-3.6324e+06,12.348,33.051
1.5128e+06,-3.6324e+06,10.917,39.276
1.5129e+06,-3.6324e+06,11.825,44.805
1.513e+06,-3.6324e+06,12.776,49.202
1.5131e+06,-3.6324e+06,14.504,52.666
1.5132e+06,-3.6324e+06,16.71,58.268
1.5115e+06,-3.6323e+06,18.823,52.794
1.5116e+06,-3.6323e+06,18.606,45.655
1.5117e+06,-3.6323e+06,17.237,39.852
1.5118e+06,-3.6323e+06,15.461,32.847
1.5119e+06,-3.6323e+06,13.595,28.035
1.512e+06,-3.6323e+06,12.685,23.588
1.5121e+06,-3.6323e+06,12.572,19.469
1.5122e+06,-3.6323e+06,11.616,19.171
1.5123e+06,-3.6323e+06,12.08,20.977
1.5124e+06,-3.6323e+06,14.829,23.264
1.5125e+06,-3.6323e+06,16.094,27.342
1.5126e+06,-3.6323e+06,14.378,31.938
1.5127e+06,-3.6323e+06,12.022,37.412
1.5128e+06,-3.6323e+06,11.418,43.35
1.5129e+06,-3.6323e+06,13.104,49.117
1.513e+06,-3.6323e+06,13.216,54.742
1.5131e+06,-3.6323e+06,13.213,58.947
1.5132e+06,-3.6323e+06,13.174,64.117
1.5116e+06,-3.6322e+06,18.503,50.204
1.5117e+06,-3.6322e+06,19.634,45.523
1.5118e+06,-3.6322e+06,16.473,36.609
1.5119e+06,-3.6322e+06,13.803,30.008
1.512e+06,-3.6322e+06,13.883,23.762
1.5121e+06,-3.6322e+06,13.554,19.785
1.5122e+06,-3.6322e+06,11.481,21.555
1.5123e+06,-3.6322e+06,11.907,24.489
1.5124e+06,-3.6322e+06,14.402,27.921
1.5125e+06,-3.6322e+06,15.586,32.95
1.5126e+06,-3.6322e+06,14.391,38.094
1.5127e+06,-3.6322e+06,13.257,43.678
1.5128e+06,-3.6322e+06,12.78,48.813
1.5129e+06,-3.6322e+06,11.603,54.978
1.513e+06,-3.6322e+06,8.5887,62.221
1.5131e+06,-3.6322e+06,7.5979,69.025
1.5132e+06,-3.6322e+06,9.3958,73.78
1.5133e+06,-3.6322e+06,10.49,81.261
1.5116e+06,-3.6321e+06,16.964,55.876
1.5117e+06,-3.6321e+06,19.012,50.286
1.5118e+06,-3.6321e+06,15.565,41.424
1.5119e+06,-3.6321e+06,13.95,34.293
1.512e+06,-3.6321e+06,15.015,28.11
1.5121e+06,-3.6321e+06,13.668,24.464
1.5122e+06,-3.6321e+06,11.58,26.445
1.5123e+06,-3.6321e+06,12.867,29.417
1.5124e+06,-3.6321e+06,14.778,33.489
1.5125e+06,-3.6321e+06,14.345,38.722
1.5126e+06,-3.6321e+06,13.997,44.438
1.5127e+06,-3.6321e+06,14.017,50.201
1.5128e+06,-3.6321e+06,11.668,55.821
1.5129e+06,-3.6321e+06,9.6487,63.435
1.513e+06,-3.6321e+06,7.365,70.467
1.5131e+06,-3.6321e+06,7.6309,76.246
1.5132e+06,-3.6321e+06,11.749,79.105
1.5133e+06,-3.6321e+06,12.936,84.926
1.5116e+06,-3.632e+06,18.11,64.254
1.5117e+06,-3.632e+06,17.665,56.766
1.5118e+06,-3.632e+06,15.506,49.161
1.5119e+06,-3.632e+06,14.209,41.433
1.512e+06,-3.632e+06,14.739,35.702
1.5121e+06,-3.632e+06,13.142,33.514
1.5122e+06,-3.632e+06,12.481,34.491
1.5123e+06,-3.632e+06,14.465,36.935
1.5124e+06,-3.632e+06,15.303,41.134
1.5125e+06,-3.632e+06,14.496,46.047
1.5126e+06,-3.632e+06,14.672,51.144
1.5127e+06,-3.632e+06,13.455,56.974
1.5128e+06,-3.632e+06,11.152,64.13
1.5129e+06,-3.632e+06,11.388,70.36
1.513e+06,-3.632e+06,10.616,76.432
1.5131e+06,-3.632e+06,10.302,82.774
1.5132e+06,-3.632e+06,12.734,88.011
1.5133e+06,-3.632e+06,13.158,93.85
1.5134e+06,-3.632e+06,12.142,100.88
1.5117e+06,-3.6319e+06,18.179,65.483
1.5118e+06,-3.6319e+06,17.85,58.894
1.5119e+06,-3.6319e+06,15.052,51.033
1.512e+06,-3.6319e+06,15.148,45.955
1.5121e+06,-3.6319e+06,13.532,44.26
1.5122e+06,-3.6319e+06,11.612,45.682
1.5123e+06,-3.6319e+06,12.453,47.826
1.5124e+06,-3.6319e+06,10.895,53.124
1.5125e+06,-3.6319e+06,10.614,58.727
1.5126e+06,-3.6319e+06,14.017,63.542
1.5127e+06,-3.6319e+06,13.726,66.697
1.5128e+06,-3.6319e+06,12.432,72.103
1.5129e+06,-3.6319e+06,12.859,77.381
1.513e+06,-3.6319e+06,11.511,83.87
1.5131e+06,-3.6319e+06,11.076,91.153
1.5132e+06,-3.6319e+06,11.898,98.017
1.5133e+06,-3.6319e+06,11.948,104
1.5134e+06,-3.6319e+06,11.652,110.28
1.5117e+06,-3.6318e+06,18.922,77.459
1.5118e+06,-3.6318e+06,18.265,70.336
1.5119e+06,-3.6318e+06,16.023,63.071
1.512e+06,-3.6318e+06,15.607,59.16
1.5121e+06,-3.6318e+06,16.191,57.963
1.5122e+06,-3.6318e+06,14.092,56.92
1.5123e+06,-3.6318e+06,11.675,59.344
1.5124e+06,-3.6318e+06,10.074,64.077
1.5125e+06,-3.6318e+06,10.945,67.487
1.5126e+06,-3.6318e+06,13.164,71.964
1.5127e+06,-3.6318e+06,13.341,77.017
1.5128e+06,-3.6318e+06,12.531,81.467
1.5129e+06,-3.6318e+06,11.637,87.647
1.513e+06,-3.6318e+06,10.402,94.914
1.5131e+06,-3.6318e+06,10.641,102.16
1.5132e+06,-3.6318e+06,11.478,109.82
1.5133e+06,-3.6318e+06,11.365,115.95
1.5118e+06,-3.6317e+06,17.391,83.089
1.5119e+06,-3.6317e+06,17.954,77.438
1.512e+06,-3.6317e+06,15.858,73.526
1.5121e+06,-3.6317e+06,16.263,71.274
1.5122e+06,-3.6317e+06,14.985,69.798
1.5123e+06,-3.6317e+06,11.728,71.883
1.5124e+06,-3.6317e+06,11.825,74.296
1.5125e+06,-3.6317e+06,12.854,77.824
1.5126e+06,-3.6317e+06,13.003,82.521
1.5127e+06,-3.6317e+06,13.081,88.163
1.5128e+06,-3.6317e+06,11.863,93.446
1.5129e+06,-3.6317e+06,10.953,100.31
1.513e+06,-3.6317e+06,10.025,107.33
1.5131e+06,-3.6317e+06,10.047,114.62
1.5118e+06,-3.6316e+06,17.498,98.427
1.5119e+06,-3.6316e+06,19.406,93.591
1.512e+06,-3.6316e+06,16.176,88.922
1.5121e+06,-3.6316e+06,13.151,86.359
1.5122e+06,-3.6316e+06,12.221,85.012
1.5123e+06,-3.6316e+06,12.897,85.885
1.5124e+06,-3.6316e+06,13.867,87.79
1.5125e+06,-3.6316e+06,12.524,90.782
1.5126e+06,-3.6316e+06,11.71,95.434
1.5127e+06,-3.6316e+06,12.719,100.96
1.5128e+06,-3.6316e+06,11.627,107.03
1.5118e+06,-3.6315e+06,19.271,115.68
1.5119e+06,-3.6315e+06,18.263,109.26
1.512e+06,-3.6315e+06,15.366,105.01
1.5121e+06,-3.6315e+06,11.063,103.96
1.5122e+06,-3.6315e+06,11.112,101.83
1.5123e+06,-3.6315e+06,14.179,101.7
