X,Y,pred,s
1514143.04,-3635174.1,16.431103,3.411368
1514153.04,-3635174.1,16.544114,3.413217
1514163.04,-3635174.1,16.656751,3.415785
1514173.04,-3635174.1,16.769003,3.419116
1514183.04,-3635174.1,16.880859,3.42325
1514193.04,-3635174.1,16.992311,3.428229
1514203.04,-3635174.1,17.103351,3.434089
1514213.04,-3635174.1,17.211995,3.440581
1514223.04,-3635174.1,17.304639,3.445567
1514233.04,-3635174.1,17.396858,3.451165
1514243.04,-3635174.1,17.488654,3.4574
1514253.04,-3635174.1,17.580029,3.464289
1514263.04,-3635174.1,17.670993,3.471846
1514273.04,-3635174.1,17.761555,3.480078
1514283.04,-3635174.1,17.851731,3.488986
1514293.04,-3635174.1,17.941539,3.498563
1514303.04,-3635174.1,18.030999,3.508799
1514313.04,-3635174.1,18.146994,3.518993
1514323.04,-3635174.1,18.474419,3.527569
1514333.04,-3635174.1,18.801578,3.542375
1514343.04,-3635174.1,19.128501,3.563313
1514353.04,-3635174.1,19.455221,3.590249
1514363.04,-3635174.1,19.781773,3.623022
1514373.04,-3635174.1,20.108191,3.661449
1514383.04,-3635174.1,20.434509,3.705324
1514393.04,-3635174.1,20.760764,3.754428
1514403.04,-3635174.1,21.086988,3.808533
1514413.04,-3635174.1,21.349877,3.860577
1514423.04,-3635174.1,21.113505,3.861097
1514433.04,-3635174.1,20.877202,3.862006
1514443.04,-3635174.1,20.640997,3.863285
1514453.04,-3635174.1,20.404919,3.864915
1514463.04,-3635174.1,20.168997,3.866879
1514473.04,-3635174.1,19.933256,3.869164
1514483.04,-3635174.1,19.697722,3.87176
1514493.04,-3635174.1,19.462416,3.874658
1514503.04,-3635174.1,19.227361,3.877852
1514513.04,-3635174.1,18.997813,3.880247
1514523.04,-3635174.1,18.809841,3.875333
1514533.04,-3635174.1,18.622174,3.872569
1514543.04,-3635174.1,18.434828,3.871967
1514553.04,-3635174.1,18.247818,3.873538
1514563.04,-3635174.1,18.061157,3.877291
1514573.04,-3635174.1,17.874856,3.883235
1514583.04,-3635174.1,17.688926,3.891378
1514593.04,-3635174.1,17.503376,3.901726
1514143.04,-3635164.1,16.54346,3.420099
1514153.04,-3635164.1,16.639129,3.422735
1514163.04,-3635164.1,16.734448,3.425917
1514173.04,-3635164.1,16.829408,3.429683
1514183.04,-3635164.1,16.924003,3.434072
1514193.04,-3635164.1,17.018227,3.43912
1514203.04,-3635164.1,17.112072,3.444863
1514213.04,-3635164.1,17.206387,3.45115
1514223.04,-3635164.1,17.30702,3.456637
1514233.04,-3635164.1,17.407269,3.462689
1514243.04,-3635164.1,17.507137,3.469327
1514253.04,-3635164.1,17.60663,3.47657
1514263.04,-3635164.1,17.705754,3.484428
1514273.04,-3635164.1,17.804522,3.49291
1514283.04,-3635164.1,17.902947,3.502015
1514293.04,-3635164.1,18.001047,3.511741
1514303.04,-3635164.1,18.098841,3.522077
1514313.04,-3635164.1,18.222885,3.532454
1514323.04,-3635164.1,18.555831,3.5423
1514333.04,-3635164.1,18.888546,3.55854
1514343.04,-3635164.1,19.221059,3.581071
1514353.04,-3635164.1,19.553401,3.609751
1514363.04,-3635164.1,19.885602,3.644413
1514373.04,-3635164.1,20.217694,3.684863
1514383.04,-3635164.1,20.54971,3.730889
1514393.04,-3635164.1,20.881682,3.782263
1514403.04,-3635164.1,21.213642,3.838747
1514413.04,-3635164.1,21.479322,3.892748
1514423.04,-3635164.1,21.222407,3.891163
1514433.04,-3635164.1,20.965572,3.890005
1514443.04,-3635164.1,20.708846,3.889256
1514453.04,-3635164.1,20.452256,3.888901
1514463.04,-3635164.1,20.195828,3.888924
1514473.04,-3635164.1,19.939588,3.889315
1514483.04,-3635164.1,19.683558,3.890064
1514493.04,-3635164.1,19.427762,3.891163
1514503.04,-3635164.1,19.172219,3.89261
1514513.04,-3635164.1,18.922723,3.893584
1514523.04,-3635164.1,18.719041,3.889429
1514533.04,-3635164.1,18.515667,3.887373
1514543.04,-3635164.1,18.312615,3.887425
1514553.04,-3635164.1,18.109899,3.889595
1514563.04,-3635164.1,17.907531,3.893889
1514573.04,-3635164.1,17.705525,3.900315
1514583.04,-3635164.1,17.503889,3.908879
1514593.04,-3635164.1,17.302633,3.919584
1514143.04,-3635154.1,16.769741,3.428718
1514153.04,-3635154.1,16.835398,3.43225
1514163.04,-3635154.1,16.900729,3.436109
1514173.04,-3635154.1,16.965729,3.44033
1514183.04,-3635154.1,17.030391,3.444949
1514193.04,-3635154.1,17.094714,3.450001
1514203.04,-3635154.1,17.158692,3.455517
1514213.04,-3635154.1,17.227811,3.461459
1514223.04,-3635154.1,17.339838,3.46736
1514233.04,-3635154.1,17.451519,3.473773
1514243.04,-3635154.1,17.56286,3.480718
1514253.04,-3635154.1,17.673867,3.488212
1514263.04,-3635154.1,17.784547,3.496266
1514273.04,-3635154.1,17.894913,3.504887
1514283.04,-3635154.1,18.004977,3.514076
1514293.04,-3635154.1,18.114757,3.52383
1514303.04,-3635154.1,18.224271,3.534144
1514313.04,-3635154.1,18.35818,3.54469
1514323.04,-3635154.1,18.686105,3.556478
1514333.04,-3635154.1,19.013833,3.574457
1514343.04,-3635154.1,19.341392,3.598517
1514353.04,-3635154.1,19.668809,3.628519
1514363.04,-3635154.1,19.996114,3.664298
1514373.04,-3635154.1,20.323335,3.705665
1514383.04,-3635154.1,20.650503,3.752414
1514393.04,-3635154.1,20.977647,3.804327
1514403.04,-3635154.1,21.304799,3.861172
1514413.04,-3635154.1,21.564837,3.915245
1514423.04,-3635154.1,21.295609,3.912702
1514433.04,-3635154.1,21.026474,3.910633
1514443.04,-3635154.1,20.757458,3.909024
1514453.04,-3635154.1,20.488588,3.90786
1514463.04,-3635154.1,20.219889,3.907129
1514473.04,-3635154.1,19.951383,3.906822
1514483.04,-3635154.1,19.683094,3.906929
1514493.04,-3635154.1,19.415043,3.907445
1514503.04,-3635154.1,19.147249,3.908366
1514513.04,-3635154.1,18.884608,3.908987
1514523.04,-3635154.1,18.660704,3.905261
1514533.04,-3635154.1,18.437109,3.90338
1514543.04,-3635154.1,18.213838,3.903353
1514553.04,-3635154.1,17.990905,3.905189
1514563.04,-3635154.1,17.768321,3.908896
1514573.04,-3635154.1,17.546099,3.914481
1514583.04,-3635154.1,17.324248,3.92195
1514593.04,-3635154.1,17.102778,3.931311
1514143.04,-3635144.1,16.995156,3.438373
1514153.04,-3635144.1,17.030824,3.442548
1514163.04,-3635144.1,17.06619,3.446893
1514173.04,-3635144.1,17.10125,3.451442
1514183.04,-3635144.1,17.136001,3.456229
1514193.04,-3635144.1,17.170442,3.461284
1514203.04,-3635144.1,17.204571,3.466638
1514213.04,-3635144.1,17.248512,3.47233
1514223.04,-3635144.1,17.371947,3.478518
1514233.04,-3635144.1,17.495074,3.485185
1514243.04,-3635144.1,17.617898,3.49235
1514253.04,-3635144.1,17.740428,3.500025
1514263.04,-3635144.1,17.862671,3.508224
1514273.04,-3635144.1,17.984638,3.516952
1514283.04,-3635144.1,18.106344,3.526211
1514293.04,-3635144.1,18.227804,3.536001
1514303.04,-3635144.1,18.349036,3.546315
1514313.04,-3635144.1,18.492807,3.557057
1514323.04,-3635144.1,18.815706,3.570714
1514333.04,-3635144.1,19.138442,3.590364
1514343.04,-3635144.1,19.46104,3.615896
1514353.04,-3635144.1,19.783525,3.647171
1514363.04,-3635144.1,20.105925,3.684026
1514373.04,-3635144.1,20.428266,3.726278
1514383.04,-3635144.1,20.750577,3.773726
1514393.04,-3635144.1,21.072886,3.826161
1514403.04,-3635144.1,21.395219,3.88336
1514413.04,-3635144.1,21.649609,3.937494
1514423.04,-3635144.1,21.368061,3.933935
1514433.04,-3635144.1,21.086619,3.930935
1514443.04,-3635144.1,20.805308,3.92848
1514453.04,-3635144.1,20.524153,3.926559
1514463.04,-3635144.1,20.243178,3.925162
1514473.04,-3635144.1,19.962404,3.92428
1514483.04,-3635144.1,19.681853,3.923905
1514493.04,-3635144.1,19.401545,3.924033
1514503.04,-3635144.1,19.1215,3.924661
1514513.04,-3635144.1,18.845714,3.925138
1514523.04,-3635144.1,18.601588,3.921619
1514533.04,-3635144.1,18.357774,3.919731
1514543.04,-3635144.1,18.114286,3.919481
1514553.04,-3635144.1,17.871138,3.920879
1514563.04,-3635144.1,17.628342,3.923932
1514573.04,-3635144.1,17.385908,3.928647
1514583.04,-3635144.1,17.143846,3.935033
1514593.04,-3635144.1,16.902167,3.943097
1514143.04,-3635134.1,17.219686,3.449039
1514153.04,-3635134.1,17.225388,3.453607
1514163.04,-3635134.1,17.23081,3.458252
1514173.04,-3635134.1,17.235951,3.463005
1514183.04,-3635134.1,17.240811,3.467897
1514193.04,-3635134.1,17.245389,3.472957
1514203.04,-3635134.1,17.249687,3.478213
1514213.04,-3635134.1,17.268466,3.48375
1514223.04,-3635134.1,17.403323,3.490103
1514233.04,-3635134.1,17.537909,3.496918
1514243.04,-3635134.1,17.672228,3.504214
1514253.04,-3635134.1,17.80629,3.512003
1514263.04,-3635134.1,17.940102,3.520296
1514273.04,-3635134.1,18.073678,3.529099
1514283.04,-3635134.1,18.207029,3.538415
1514293.04,-3635134.1,18.34017,3.548244
1514303.04,-3635134.1,18.47312,3.55858
1514313.04,-3635134.1,18.626751,3.569543
1514323.04,-3635134.1,18.944621,3.584993
1514333.04,-3635134.1,19.26236,3.606247
1514343.04,-3635134.1,19.579992,3.633192
1514353.04,-3635134.1,19.897539,3.66569
1514363.04,-3635134.1,20.215027,3.70358
1514373.04,-3635134.1,20.532482,3.746683
1514383.04,-3635134.1,20.849929,3.794806
1514393.04,-3635134.1,21.167394,3.847746
1514403.04,-3635134.1,21.484904,3.90529
1514413.04,-3635134.1,21.733638,3.959474
1514423.04,-3635134.1,21.439764,3.954842
1514433.04,-3635134.1,21.14601,3.950888
1514443.04,-3635134.1,20.852399,3.947601
1514453.04,-3635134.1,20.558955,3.944973
1514463.04,-3635134.1,20.2657,3.942995
1514473.04,-3635134.1,19.972654,3.941659
1514483.04,-3635134.1,19.67984,3.940959
1514493.04,-3635134.1,19.387275,3.940893
1514503.04,-3635134.1,19.094978,3.941456
1514513.04,-3635134.1,18.806046,3.941995
1514523.04,-3635134.1,18.541699,3.938466
1514533.04,-3635134.1,18.277668,3.936392
1514543.04,-3635134.1,18.013966,3.935779
1514553.04,-3635134.1,17.750607,3.936635
1514563.04,-3635134.1,17.487601,3.938969
1514573.04,-3635134.1,17.22496,3.942788
1514583.04,-3635134.1,16.962693,3.948101
1514593.04,-3635134.1,16.700809,3.954915
1514143.04,-3635124.1,17.443313,3.460695
1514153.04,-3635124.1,17.41907,3.465408
1514163.04,-3635124.1,17.394569,3.470168
1514173.04,-3635124.1,17.369812,3.475003
1514183.04,-3635124.1,17.344799,3.47994
1514193.04,-3635124.1,17.319533,3.485008
1514203.04,-3635124.1,17.294017,3.490231
1514213.04,-3635124.1,17.28765,3.495708
1514223.04,-3635124.1,17.433944,3.502103
1514233.04,-3635124.1,17.580001,3.508963
1514243.04,-3635124.1,17.725827,3.516304
1514253.04,-3635124.1,17.87143,3.524138
1514263.04,-3635124.1,18.01682,3.532475
1514273.04,-3635124.1,18.162009,3.541322
1514283.04,-3635124.1,18.307009,3.55068
1514293.04,-3635124.1,18.451835,3.560551
1514303.04,-3635124.1,18.596504,3.57093
1514313.04,-3635124.1,18.759995,3.582137
1514323.04,-3635124.1,19.072834,3.599305
1514333.04,-3635124.1,19.385574,3.622095
1514343.04,-3635124.1,19.698235,3.650393
1514353.04,-3635124.1,20.01084,3.684062
1514363.04,-3635124.1,20.323412,3.722944
1514373.04,-3635124.1,20.635975,3.766865
1514383.04,-3635124.1,20.948553,3.815637
1514393.04,-3635124.1,21.261169,3.869064
1514403.04,-3635124.1,21.573849,3.926942
1514413.04,-3635124.1,21.816923,3.981164
1514423.04,-3635124.1,21.510718,3.975401
1514433.04,-3635124.1,21.204647,3.97047
1514443.04,-3635124.1,20.898732,3.966365
1514453.04,-3635124.1,20.592996,3.963078
1514463.04,-3635124.1,20.287458,3.960602
1514473.04,-3635124.1,19.98214,3.958932
1514483.04,-3635124.1,19.67706,3.958063
1514493.04,-3635124.1,19.372237,3.957992
1514503.04,-3635124.1,19.067688,3.958717
1514513.04,-3635124.1,18.765611,3.959522
1514523.04,-3635124.1,18.481045,3.95577
1514533.04,-3635124.1,18.196799,3.953332
1514543.04,-3635124.1,17.912885,3.952216
1514553.04,-3635124.1,17.629317,3.952429
1514563.04,-3635124.1,17.346106,3.95398
1514573.04,-3635124.1,17.063262,3.956877
1514583.04,-3635124.1,16.780794,3.961128
1514593.04,-3635124.1,16.498711,3.966742
1514143.04,-3635114.1,17.666016,3.473318
1514153.04,-3635114.1,17.61185,3.477934
1514163.04,-3635114.1,17.557446,3.482626
1514173.04,-3635114.1,17.50281,3.487422
1514183.04,-3635114.1,17.447943,3.492347
1514193.04,-3635114.1,17.392851,3.497425
1514203.04,-3635114.1,17.337537,3.502681
1514213.04,-3635114.1,17.30604,3.508192
1514223.04,-3635114.1,17.463786,3.51451
1514233.04,-3635114.1,17.621327,3.521312
1514243.04,-3635114.1,17.778671,3.528613
1514253.04,-3635114.1,17.935826,3.536425
1514263.04,-3635114.1,18.092802,3.544757
1514273.04,-3635114.1,18.249611,3.553614
1514283.04,-3635114.1,18.406266,3.563
1514293.04,-3635114.1,18.56278,3.572915
1514303.04,-3635114.1,18.71917,3.583355
1514313.04,-3635114.1,18.892521,3.594828
1514323.04,-3635114.1,19.20033,3.613636
1514333.04,-3635114.1,19.508069,3.637894
1514343.04,-3635114.1,19.815758,3.667485
1514353.04,-3635114.1,20.123418,3.702274
1514363.04,-3635114.1,20.43107,3.742105
1514373.04,-3635114.1,20.738738,3.786808
1514383.04,-3635114.1,21.046442,3.836203
1514393.04,-3635114.1,21.354206,3.890099
1514403.04,-3635114.1,21.662052,3.9483
1514413.04,-3635114.1,21.899461,4.002547
1514423.04,-3635114.1,21.580922,3.995595
1514433.04,-3635114.1,21.262531,3.989665
1514443.04,-3635114.1,20.94431,3.984752
1514453.04,-3635114.1,20.626279,3.980853
1514463.04,-3635114.1,20.308457,3.977961
1514473.04,-3635114.1,19.990864,3.976074
1514483.04,-3635114.1,19.673518,3.975188
1514493.04,-3635114.1,19.356437,3.975301
1514503.04,-3635114.1,19.039636,3.976411
1514513.04,-3635114.1,18.724416,3.977682
1514523.04,-3635114.1,18.419632,3.973496
1514533.04,-3635114.1,18.115173,3.970521
1514543.04,-3635114.1,17.811051,3.968765
1514553.04,-3635114.1,17.507278,3.968236
1514563.04,-3635114.1,17.203865,3.968941
1514573.04,-3635114.1,16.900821,3.970891
1514583.04,-3635114.1,16.598157,3.974092
1514593.04,-3635114.1,16.295881,3.978555
1514143.04,-3635104.1,17.887778,3.486887
1514153.04,-3635104.1,17.803707,3.491165
1514163.04,-3635104.1,17.719421,3.495612
1514173.04,-3635104.1,17.634924,3.500251
1514183.04,-3635104.1,17.550223,3.505106
1514193.04,-3635104.1,17.465322,3.510199
1514203.04,-3635104.1,17.380227,3.515552
1514213.04,-3635104.1,17.323615,3.521193
1514223.04,-3635104.1,17.492827,3.527315
1514233.04,-3635104.1,17.661865,3.533958
1514243.04,-3635104.1,17.830738,3.541136
1514253.04,-3635104.1,17.999455,3.548859
1514263.04,-3635104.1,18.168026,3.557135
1514273.04,-3635104.1,18.336463,3.565971
1514283.04,-3635104.1,18.504779,3.575369
1514293.04,-3635104.1,18.672986,3.585328
1514303.04,-3635104.1,18.841101,3.595848
1514313.04,-3635104.1,19.024315,3.607606
1514323.04,-3635104.1,19.327094,3.627978
1514333.04,-3635104.1,19.629833,3.653634
1514343.04,-3635104.1,19.932549,3.684458
1514353.04,-3635104.1,20.235262,3.720314
1514363.04,-3635104.1,20.537993,3.761051
1514373.04,-3635104.1,20.840762,3.806502
1514383.04,-3635104.1,21.143591,3.856492
1514393.04,-3635104.1,21.446499,3.910838
1514403.04,-3635104.1,21.749509,3.969349
1514413.04,-3635104.1,21.981251,4.023609
1514423.04,-3635104.1,21.650375,4.015409
1514433.04,-3635104.1,21.319662,4.008455
1514443.04,-3635104.1,20.989132,4.002745
1514453.04,-3635104.1,20.658805,3.998278
1514463.04,-3635104.1,20.328698,3.995051
1514473.04,-3635104.1,19.99883,3.993063
1514483.04,-3635104.1,19.669218,3.992311
1514493.04,-3635104.1,19.339879,3.992793
1514503.04,-3635104.1,19.010828,3.994507
1514513.04,-3635104.1,18.682466,3.996444
1514523.04,-3635104.1,18.357466,3.991615
1514533.04,-3635104.1,18.032796,3.987931
1514543.04,-3635104.1,17.708468,3.9854
1514553.04,-3635104.1,17.384494,3.98403
1514563.04,-3635104.1,17.060883,3.98383
1514573.04,-3635104.1,16.737645,3.984807
1514583.04,-3635104.1,16.41479,3.986972
1514593.04,-3635104.1,16.092325,3.990332
1514143.04,-3635094.1,18.108577,3.501381
1514153.04,-3635094.1,17.994622,3.505085
1514163.04,-3635094.1,17.880472,3.50911
1514173.04,-3635094.1,17.766134,3.513477
1514183.04,-3635094.1,17.651616,3.518208
1514193.04,-3635094.1,17.536923,3.523321
1514203.04,-3635094.1,17.422064,3.528836
1514213.04,-3635094.1,17.340352,3.5347
1514223.04,-3635094.1,17.521044,3.540509
1514233.04,-3635094.1,17.701593,3.546894
1514243.04,-3635094.1,17.882008,3.553865
1514253.04,-3635094.1,18.062297,3.561433
1514263.04,-3635094.1,18.242473,3.569605
1514273.04,-3635094.1,18.422546,3.578387
1514283.04,-3635094.1,18.602528,3.58778
1514293.04,-3635094.1,18.782435,3.597785
1514303.04,-3635094.1,18.962279,3.608401
1514313.04,-3635094.1,19.155359,3.620463
1514323.04,-3635094.1,19.453111,3.642322
1514333.04,-3635094.1,19.75085,3.669307
1514343.04,-3635094.1,20.048594,3.701302
1514353.04,-3635094.1,20.346361,3.738173
1514363.04,-3635094.1,20.64417,3.779771
1514373.04,-3635094.1,20.94204,3.825934
1514383.04,-3635094.1,21.239992,3.876492
1514393.04,-3635094.1,21.538043,3.931267
1514403.04,-3635094.1,21.836215,3.990078
1514413.04,-3635094.1,22.062289,4.044335
1514423.04,-3635094.1,21.719075,4.034828
1514433.04,-3635094.1,21.376039,4.026825
1514443.04,-3635094.1,21.033199,4.020328
1514453.04,-3635094.1,20.690575,4.015338
1514463.04,-3635094.1,20.348182,4.011854
1514473.04,-3635094.1,20.00604,4.009878
1514483.04,-3635094.1,19.664162,4.009408
1514493.04,-3635094.1,19.322566,4.010441
1514503.04,-3635094.1,18.981266,4.012977
1514513.04,-3635094.1,18.639764,4.015775
1514523.04,-3635094.1,18.294551,4.010099
1514533.04,-3635094.1,17.949674,4.005537
1514543.04,-3635094.1,17.605144,4.002099
1514553.04,-3635094.1,17.260971,3.999792
1514563.04,-3635094.1,16.917167,3.998625
1514573.04,-3635094.1,16.57374,3.998607
1514583.04,-3635094.1,16.230699,3.999748
1514593.04,-3635094.1,15.888051,4.002055
1514143.04,-3635084.1,18.328396,3.516781
1514153.04,-3635084.1,18.184575,3.519679
1514163.04,-3635084.1,18.04058,3.523109
1514173.04,-3635084.1,17.896418,3.527091
1514183.04,-3635084.1,17.7521,3.531642
1514193.04,-3635084.1,17.607633,3.536781
1514203.04,-3635084.1,17.463025,3.542523
1514213.04,-3635084.1,17.356229,3.548703
1514223.04,-3635084.1,17.548416,3.554086
1514233.04,-3635084.1,17.740489,3.560113
1514243.04,-3635084.1,17.932457,3.566796
1514253.04,-3635084.1,18.124331,3.574143
1514263.04,-3635084.1,18.31612,3.582162
1514273.04,-3635084.1,18.507838,3.590857
1514283.04,-3635084.1,18.699496,3.60023
1514293.04,-3635084.1,18.891107,3.61028
1514303.04,-3635084.1,19.082686,3.621007
1514313.04,-3635084.1,19.285637,3.633392
1514323.04,-3635084.1,19.578366,3.656659
1514333.04,-3635084.1,19.871108,3.684903
1514343.04,-3635084.1,20.163882,3.718008
1514353.04,-3635084.1,20.456704,3.755841
1514363.04,-3635084.1,20.749592,3.798256
1514373.04,-3635084.1,21.042564,3.845095
1514383.04,-3635084.1,21.335638,3.896193
1514393.04,-3635084.1,21.628833,3.951378
1514403.04,-3635084.1,21.922166,4.010474
1514413.04,-3635084.1,22.142572,4.064714
1514423.04,-3635084.1,21.787019,4.053842
1514433.04,-3635084.1,21.431659,4.044764
1514443.04,-3635084.1,21.07651,4.037487
1514453.04,-3635084.1,20.721589,4.032016
1514463.04,-3635084.1,20.366912,4.028353
1514473.04,-3635084.1,20.012495,4.026501
1514483.04,-3635084.1,19.658354,4.026458
1514493.04,-3635084.1,19.304502,4.028224
1514503.04,-3635084.1,18.950955,4.031796
1514513.04,-3635084.1,18.596316,4.035647
1514523.04,-3635084.1,18.230892,4.028921
1514533.04,-3635084.1,17.865811,4.023315
1514543.04,-3635084.1,17.501082,4.018839
1514553.04,-3635084.1,17.136717,4.0155
1514563.04,-3635084.1,16.772724,4.013308
1514573.04,-3635084.1,16.409112,4.012272
1514583.04,-3635084.1,16.04589,4.012402
1514593.04,-3635084.1,15.683065,4.013706
1514143.04,-3635074.1,18.547213,3.533066
1514153.04,-3635074.1,18.373545,3.53493
1514163.04,-3635074.1,18.199722,3.537596
1514173.04,-3635074.1,18.025756,3.54108
1514183.04,-3635074.1,17.851655,3.5454
1514193.04,-3635074.1,17.67743,3.55057
1514203.04,-3635074.1,17.50309,3.556605
1514213.04,-3635074.1,17.371225,3.563194
1514223.04,-3635074.1,17.574921,3.568036
1514233.04,-3635074.1,17.778531,3.57361
1514243.04,-3635074.1,17.982066,3.579923
1514253.04,-3635074.1,18.185535,3.586985
1514263.04,-3635074.1,18.388949,3.594802
1514273.04,-3635074.1,18.592321,3.603377
1514283.04,-3635074.1,18.795663,3.612712
1514293.04,-3635074.1,18.998987,3.622808
1514303.04,-3635074.1,19.202307,3.63366
1514313.04,-3635074.1,19.415134,3.646384
1514323.04,-3635074.1,19.702843,3.670982
1514333.04,-3635074.1,19.990594,3.700416
1514343.04,-3635074.1,20.2784,3.734569
1514353.04,-3635074.1,20.56628,3.773311
1514363.04,-3635074.1,20.854248,3.816499
1514373.04,-3635074.1,21.142323,3.863978
1514383.04,-3635074.1,21.430521,3.915587
1514393.04,-3635074.1,21.71886,3.97116
1514403.04,-3635074.1,22.007357,4.030528
1514413.04,-3635074.1,22.222094,4.084737
1514423.04,-3635074.1,21.854204,4.072438
1514433.04,-3635074.1,21.486521,4.062259
1514443.04,-3635074.1,21.119064,4.05421
1514453.04,-3635074.1,20.751847,4.048299
1514463.04,-3635074.1,20.384887,4.044533
1514473.04,-3635074.1,20.018198,4.042914
1514483.04,-3635074.1,19.651794,4.043444
1514493.04,-3635074.1,19.28569,4.04612
1514503.04,-3635074.1,18.919899,4.050937
1514513.04,-3635074.1,18.552125,4.056031
1514523.04,-3635074.1,18.166494,4.048057
1514533.04,-3635074.1,17.781212,4.041244
1514543.04,-3635074.1,17.396289,4.035601
1514553.04,-3635074.1,17.011735,4.031136
1514563.04,-3635074.1,16.627558,4.027861
1514573.04,-3635074.1,16.243767,4.025785
1514583.04,-3635074.1,15.860369,4.024918
1514593.04,-3635074.1,15.477373,4.025268
1514143.04,-3635064.1,18.590786,3.533776
1514153.04,-3635064.1,18.421244,3.536284
1514163.04,-3635064.1,18.251567,3.539457
1514173.04,-3635064.1,18.081767,3.543312
1514183.04,-3635064.1,17.911856,3.547863
1514193.04,-3635064.1,17.741844,3.553125
1514203.04,-3635064.1,17.571743,3.55911
1514213.04,-3635064.1,17.443486,3.565734
1514223.04,-3635064.1,17.64564,3.57225
1514233.04,-3635064.1,17.847734,3.579367
1514243.04,-3635064.1,18.049781,3.587093
1514253.04,-3635064.1,18.251791,3.595436
1514263.04,-3635064.1,18.453775,3.604402
1514273.04,-3635064.1,18.655745,3.613995
1514283.04,-3635064.1,18.857713,3.624218
1514293.04,-3635064.1,19.059691,3.63507
1514303.04,-3635064.1,19.261693,3.64655
1514313.04,-3635064.1,19.471029,3.659873
1514323.04,-3635064.1,19.737931,3.685442
1514333.04,-3635064.1,20.004899,3.715209
1514343.04,-3635064.1,20.271948,3.749072
1514353.04,-3635064.1,20.539093,3.78692
1514363.04,-3635064.1,20.806351,3.828632
1514373.04,-3635064.1,21.073737,3.874079
1514383.04,-3635064.1,21.341267,3.923129
1514393.04,-3635064.1,21.608957,3.975643
1514403.04,-3635064.1,21.876824,4.031481
1514413.04,-3635064.1,22.072769,4.082094
1514423.04,-3635064.1,21.700453,4.069108
1514433.04,-3635064.1,21.32836,4.058509
1514443.04,-3635064.1,20.956507,4.050312
1514453.04,-3635064.1,20.584907,4.04453
1514463.04,-3635064.1,20.213576,4.041168
1514473.04,-3635064.1,19.842527,4.040231
1514483.04,-3635064.1,19.471774,4.04172
1514493.04,-3635064.1,19.101331,4.045631
1514503.04,-3635064.1,18.731209,4.051956
1514513.04,-3635064.1,18.359766,4.058632
1514523.04,-3635064.1,17.975627,4.050818
1514533.04,-3635064.1,17.591844,4.044154
1514543.04,-3635064.1,17.208425,4.03865
1514553.04,-3635064.1,16.825381,4.034315
1514563.04,-3635064.1,16.44272,4.031158
1514573.04,-3635064.1,16.060449,4.029189
1514583.04,-3635064.1,15.678577,4.028417
1514593.04,-3635064.1,15.29711,4.028849
1514143.04,-3635054.1,18.559748,3.529249
1514153.04,-3635054.1,18.408688,3.53304
1514163.04,-3635054.1,18.257512,3.537231
1514173.04,-3635054.1,18.106234,3.541837
1514183.04,-3635054.1,17.954868,3.546873
1514193.04,-3635054.1,17.803425,3.552353
1514203.04,-3635054.1,17.651917,3.558289
1514213.04,-3635054.1,17.539387,3.564879
1514223.04,-3635054.1,17.734494,3.573418
1514233.04,-3635054.1,17.92957,3.582463
1514243.04,-3635054.1,18.124625,3.592022
1514253.04,-3635054.1,18.31967,3.602102
1514263.04,-3635054.1,18.514718,3.612709
1514273.04,-3635054.1,18.709778,3.623847
1514283.04,-3635054.1,18.904865,3.635517
1514293.04,-3635054.1,19.099989,3.647721
1514303.04,-3635054.1,19.295163,3.660458
1514313.04,-3635054.1,19.495368,3.674918
1514323.04,-3635054.1,19.734798,3.700948
1514333.04,-3635054.1,19.97432,3.730399
1514343.04,-3635054.1,20.213947,3.763192
1514353.04,-3635054.1,20.453694,3.799239
1514363.04,-3635054.1,20.693576,3.838446
1514373.04,-3635054.1,20.933607,3.880716
1514383.04,-3635054.1,21.173802,3.925946
1514393.04,-3635054.1,21.414177,3.974033
1514403.04,-3635054.1,21.654747,4.024871
1514413.04,-3635054.1,21.82636,4.070526
1514423.04,-3635054.1,21.452961,4.057089
1514433.04,-3635054.1,21.079801,4.046295
1514443.04,-3635054.1,20.706895,4.038161
1514453.04,-3635054.1,20.334256,4.032702
1514463.04,-3635054.1,19.961897,4.029927
1514473.04,-3635054.1,19.589833,4.029838
1514483.04,-3635054.1,19.218075,4.032435
1514493.04,-3635054.1,18.846636,4.037713
1514503.04,-3635054.1,18.475527,4.045661
1514513.04,-3635054.1,18.104415,4.054078
1514523.04,-3635054.1,17.730934,4.047043
1514533.04,-3635054.1,17.357814,4.041124
1514543.04,-3635054.1,16.985067,4.036328
1514553.04,-3635054.1,16.612699,4.032666
1514563.04,-3635054.1,16.24072,4.030144
1514573.04,-3635054.1,15.869138,4.028771
1514583.04,-3635054.1,15.497958,4.028555
1514593.04,-3635054.1,15.127188,4.029503
1514143.04,-3635044.1,18.527649,3.526575
1514153.04,-3635044.1,18.395087,3.531494
1514163.04,-3635044.1,18.26243,3.536618
1514173.04,-3635044.1,18.129692,3.541959
1514183.04,-3635044.1,17.996887,3.547532
1514193.04,-3635044.1,17.864029,3.553349
1514203.04,-3635044.1,17.731131,3.559425
1514213.04,-3635044.1,17.634342,3.566115
1514223.04,-3635044.1,17.822419,3.575952
1514233.04,-3635044.1,18.01049,3.586356
1514243.04,-3635044.1,18.198567,3.597334
1514253.04,-3635044.1,18.386661,3.60889
1514263.04,-3635044.1,18.574784,3.621029
1514273.04,-3635044.1,18.762947,3.633754
1514283.04,-3635044.1,18.951162,3.647065
1514293.04,-3635044.1,19.139442,3.660963
1514303.04,-3635044.1,19.327798,3.675444
1514313.04,-3635044.1,19.51888,3.691541
1514323.04,-3635044.1,19.730847,3.717587
1514333.04,-3635044.1,19.94293,3.746368
1514343.04,-3635044.1,20.155141,3.777822
1514353.04,-3635044.1,20.367495,3.811881
1514363.04,-3635044.1,20.580006,3.848477
1514373.04,-3635044.1,20.792687,3.887536
1514383.04,-3635044.1,21.005553,3.928983
1514393.04,-3635044.1,21.218617,3.972741
1514403.04,-3635044.1,21.431894,4.018731
1514413.04,-3635044.1,21.579178,4.059594
1514423.04,-3635044.1,21.204701,4.045599
1514433.04,-3635044.1,20.830478,4.034524
1514443.04,-3635044.1,20.456522,4.026392
1514453.04,-3635044.1,20.082847,4.021217
1514463.04,-3635044.1,19.709464,4.019011
1514473.04,-3635044.1,19.336388,4.019777
1514483.04,-3635044.1,18.963629,4.023512
1514493.04,-3635044.1,18.591199,4.030208
1514503.04,-3635044.1,18.219108,4.039851
1514513.04,-3635044.1,17.848332,4.050086
1514523.04,-3635044.1,17.485512,4.043798
1514533.04,-3635044.1,17.123062,4.038597
1514543.04,-3635044.1,16.76099,4.034491
1514553.04,-3635044.1,16.399305,4.031486
1514563.04,-3635044.1,16.038014,4.029591
1514573.04,-3635044.1,15.677125,4.028812
1514583.04,-3635044.1,15.316645,4.029157
1514593.04,-3635044.1,14.956578,4.030632
1514143.04,-3635034.1,18.494469,3.525754
1514153.04,-3635034.1,18.380422,3.531646
1514163.04,-3635034.1,18.2663,3.537615
1514173.04,-3635034.1,18.152119,3.543673
1514183.04,-3635034.1,18.037893,3.549833
1514193.04,-3635034.1,17.923636,3.55611
1514203.04,-3635034.1,17.809363,3.562515
1514213.04,-3635034.1,17.728332,3.56944
1514223.04,-3635034.1,17.909393,3.579849
1514233.04,-3635034.1,18.090474,3.591043
1514243.04,-3635034.1,18.271587,3.603025
1514253.04,-3635034.1,18.452744,3.615797
1514263.04,-3635034.1,18.633955,3.62936
1514273.04,-3635034.1,18.815233,3.643714
1514283.04,-3635034.1,18.996588,3.658857
1514293.04,-3635034.1,19.178034,3.674784
1514303.04,-3635034.1,19.359582,3.691492
1514313.04,-3635034.1,19.541551,3.709716
1514323.04,-3635034.1,19.726063,3.735342
1514333.04,-3635034.1,19.910715,3.763102
1514343.04,-3635034.1,20.095518,3.79295
1514353.04,-3635034.1,20.280486,3.824839
1514363.04,-3635034.1,20.465632,3.858717
1514373.04,-3635034.1,20.650969,3.894532
1514383.04,-3635034.1,20.836511,3.93223
1514393.04,-3635034.1,21.022269,3.971756
1514403.04,-3635034.1,21.208258,4.013054
1514413.04,-3635034.1,21.331219,4.049291
1514423.04,-3635034.1,20.955668,4.034629
1514433.04,-3635034.1,20.580386,4.023188
1514443.04,-3635034.1,20.205385,4.014994
1514453.04,-3635034.1,19.830679,4.010065
1514463.04,-3635034.1,19.456278,4.008412
1514473.04,-3635034.1,19.082194,4.010038
1514483.04,-3635034.1,18.708438,4.01494
1514493.04,-3635034.1,18.335021,4.023105
1514503.04,-3635034.1,17.961954,4.034515
1514513.04,-3635034.1,17.591518,4.046644
1514523.04,-3635034.1,17.239365,4.041071
1514533.04,-3635034.1,16.88759,4.036562
1514543.04,-3635034.1,16.5362,4.033124
1514553.04,-3635034.1,16.185203,4.030764
1514563.04,-3635034.1,15.834607,4.029487
1514573.04,-3635034.1,15.484418,4.029302
1514583.04,-3635034.1,15.134642,4.030212
1514593.04,-3635034.1,14.785286,4.032225
1514143.04,-3635024.1,18.460187,3.526783
1514153.04,-3635024.1,18.364672,3.533491
1514163.04,-3635024.1,18.269102,3.540217
1514173.04,-3635024.1,18.173494,3.546974
1514183.04,-3635024.1,18.077863,3.553774
1514193.04,-3635024.1,17.982225,3.560629
1514203.04,-3635024.1,17.886593,3.567553
1514213.04,-3635024.1,17.821336,3.574845
1514223.04,-3635024.1,17.995398,3.585103
1514233.04,-3635024.1,18.169504,3.596519
1514243.04,-3635024.1,18.343668,3.609092
1514253.04,-3635024.1,18.5179,3.62282
1514263.04,-3635024.1,18.692213,3.6377
1514273.04,-3635024.1,18.866618,3.653725
1514283.04,-3635024.1,19.041127,3.670887
1514293.04,-3635024.1,19.215751,3.689177
1514303.04,-3635024.1,19.390501,3.708584
1514313.04,-3635024.1,19.563367,3.729417
1514323.04,-3635024.1,19.720434,3.754191
1514333.04,-3635024.1,19.877663,3.780584
1514343.04,-3635024.1,20.035067,3.808566
1514353.04,-3635024.1,20.192657,3.838101
1514363.04,-3635024.1,20.350446,3.869156
1514373.04,-3635024.1,20.508446,3.901694
1514383.04,-3635024.1,20.666669,3.935678
1514393.04,-3635024.1,20.825128,3.97107
1514403.04,-3635024.1,20.983835,4.007832
1514413.04,-3635024.1,21.082478,4.039613
1514423.04,-3635024.1,20.705859,4.024176
1514433.04,-3635024.1,20.329524,4.012282
1514443.04,-3635024.1,19.953484,4.003961
1514453.04,-3635024.1,19.577751,3.999236
1514463.04,-3635024.1,19.202336,3.998119
1514473.04,-3635024.1,18.82725,4.000612
1514483.04,-3635024.1,18.452503,4.006709
1514493.04,-3635024.1,18.078106,4.016394
1514503.04,-3635024.1,17.704067,4.029642
1514513.04,-3635024.1,17.333977,4.043741
1514523.04,-3635024.1,16.992497,4.03885
1514533.04,-3635024.1,16.651403,4.035007
1514543.04,-3635024.1,16.310701,4.032217
1514553.04,-3635024.1,15.970399,4.030486
1514563.04,-3635024.1,15.630503,4.029821
1514573.04,-3635024.1,15.291021,4.030226
1514583.04,-3635024.1,14.951957,4.031708
1514593.04,-3635024.1,14.613317,4.03427
1514143.04,-3635014.1,18.424782,3.529657
1514153.04,-3635014.1,18.347816,3.537023
1514163.04,-3635014.1,18.270814,3.544419
1514173.04,-3635014.1,18.193796,3.551856
1514183.04,-3635014.1,18.116777,3.559345
1514193.04,-3635014.1,18.039774,3.566899
1514203.04,-3635014.1,17.962801,3.574528
1514213.04,-3635014.1,17.913335,3.58232
1514223.04,-3635014.1,18.080412,3.591706
1514233.04,-3635014.1,18.24756,3.602779
1514243.04,-3635014.1,18.414789,3.615533
1514253.04,-3635014.1,18.582113,3.62996
1514263.04,-3635014.1,18.749542,3.646049
1514273.04,-3635014.1,18.917088,3.663785
1514283.04,-3635014.1,19.084762,3.683153
1514293.04,-3635014.1,19.252576,3.704134
1514303.04,-3635014.1,19.42054,3.726704
1514313.04,-3635014.1,19.584314,3.750616
1514323.04,-3635014.1,19.713946,3.774114
1514333.04,-3635014.1,19.843763,3.798802
1514343.04,-3635014.1,19.973776,3.824658
1514353.04,-3635014.1,20.103997,3.851661
1514363.04,-3635014.1,20.234437,3.879789
1514373.04,-3635014.1,20.365108,3.909017
1514383.04,-3635014.1,20.496021,3.939321
1514393.04,-3635014.1,20.627188,3.970677
1514403.04,-3635014.1,20.75862,4.00306
1514413.04,-3635014.1,20.832952,4.030557
1514423.04,-3635014.1,20.455271,4.014233
1514433.04,-3635014.1,20.077888,4.001797
1514443.04,-3635014.1,19.700815,3.993286
1514453.04,-3635014.1,19.324063,3.988724
1514463.04,-3635014.1,18.94764,3.988125
1514473.04,-3635014.1,18.571558,3.99149
1514483.04,-3635014.1,18.195826,3.99881
1514493.04,-3635014.1,17.820453,4.010065
1514503.04,-3635014.1,17.445449,4.025223
1514513.04,-3635014.1,17.075712,4.041366
1514523.04,-3635014.1,16.744912,4.037125
1514533.04,-3635014.1,16.414504,4.033921
1514543.04,-3635014.1,16.084496,4.031758
1514553.04,-3635014.1,15.754895,4.030643
1514563.04,-3635014.1,15.425707,4.030581
1514573.04,-3635014.1,15.096938,4.031576
1514583.04,-3635014.1,14.768594,4.033634
1514593.04,-3635014.1,14.440678,4.036757
1514143.04,-3635004.1,18.388233,3.534368
1514153.04,-3635004.1,18.329832,3.542235
1514163.04,-3635004.1,18.271416,3.550213
1514173.04,-3635004.1,18.213005,3.558311
1514183.04,-3635004.1,18.154615,3.56654
1514193.04,-3635004.1,18.096264,3.574909
1514203.04,-3635004.1,18.037966,3.583429
1514213.04,-3635004.1,18.004307,3.591853
1514223.04,-3635004.1,18.164418,3.599653
1514233.04,-3635004.1,18.324622,3.60982
1514243.04,-3635004.1,18.484933,3.622346
1514253.04,-3635004.1,18.645363,3.637214
1514263.04,-3635004.1,18.805923,3.654404
1514273.04,-3635004.1,18.966624,3.673893
1514283.04,-3635004.1,19.127477,3.695651
1514293.04,-3635004.1,19.288494,3.719644
1514303.04,-3635004.1,19.449685,3.745835
1514313.04,-3635004.1,19.604379,3.773288
1514323.04,-3635004.1,19.706587,3.795093
1514333.04,-3635004.1,19.809003,3.81774
1514343.04,-3635004.1,19.911636,3.841217
1514353.04,-3635004.1,20.014498,3.86551
1514363.04,-3635004.1,20.117598,3.890607
1514373.04,-3635004.1,20.220949,3.916492
1514383.04,-3635004.1,20.32456,3.943151
1514393.04,-3635004.1,20.428443,3.97057
1514403.04,-3635004.1,20.532608,3.998732
1514413.04,-3635004.1,20.582636,4.022119
1514423.04,-3635004.1,20.203901,4.004797
1514433.04,-3635004.1,19.825478,3.991731
1514443.04,-3635004.1,19.447379,3.982963
1514453.04,-3635004.1,19.069613,3.978522
1514463.04,-3635004.1,18.692189,3.978422
1514473.04,-3635004.1,18.315118,3.982665
1514483.04,-3635004.1,17.938407,3.991236
1514493.04,-3635004.1,17.562066,4.004111
1514503.04,-3635004.1,17.186103,4.021248
1514513.04,-3635004.1,16.816725,4.039512
1514523.04,-3635004.1,16.496611,4.035887
1514533.04,-3635004.1,16.176897,4.033294
1514543.04,-3635004.1,15.857591,4.031738
1514553.04,-3635004.1,15.538698,4.031225
1514563.04,-3635004.1,15.220225,4.031758
1514573.04,-3635004.1,14.902177,4.033342
1514583.04,-3635004.1,14.584559,4.03598
1514593.04,-3635004.1,14.267375,4.039676
1514143.04,-3634994.1,18.350518,3.540907
1514153.04,-3634994.1,18.310699,3.549118
1514163.04,-3634994.1,18.270885,3.557589
1514173.04,-3634994.1,18.231098,3.566329
1514183.04,-3634994.1,18.191355,3.575346
1514193.04,-3634994.1,18.151674,3.584648
1514203.04,-3634994.1,18.112069,3.594242
1514213.04,-3634994.1,18.094235,3.603426
1514223.04,-3634994.1,18.247395,3.608932
1514233.04,-3634994.1,18.400673,3.617637
1514243.04,-3634994.1,18.554083,3.629528
1514253.04,-3634994.1,18.707634,3.644581
1514263.04,-3634994.1,18.86134,3.662768
1514273.04,-3634994.1,19.015212,3.684048
1514283.04,-3634994.1,19.169259,3.708377
1514293.04,-3634994.1,19.323493,3.735701
1514303.04,-3634994.1,19.477924,3.765961
1514313.04,-3634994.1,19.623549,3.797403
1514323.04,-3634994.1,19.698347,3.817108
1514333.04,-3634994.1,19.773373,3.837387
1514343.04,-3634994.1,19.848637,3.858234
1514353.04,-3634994.1,19.924149,3.879642
1514363.04,-3634994.1,19.999921,3.901605
1514373.04,-3634994.1,20.075961,3.924115
1514383.04,-3634994.1,20.15228,3.947164
1514393.04,-3634994.1,20.228888,3.970743
1514403.04,-3634994.1,20.305794,3.994843
1514413.04,-3634994.1,20.331527,4.014297
1514423.04,-3634994.1,19.951745,3.995864
1514433.04,-3634994.1,19.57229,3.982078
1514443.04,-3634994.1,19.193172,3.972987
1514453.04,-3634994.1,18.814401,3.968623
1514463.04,-3634994.1,18.435984,3.969004
1514473.04,-3634994.1,18.05793,3.974129
1514483.04,-3634994.1,17.680248,3.98398
1514493.04,-3634994.1,17.302946,3.998524
1514503.04,-3634994.1,16.926032,4.017712
1514513.04,-3634994.1,16.55702,4.03817
1514523.04,-3634994.1,16.247599,4.035127
1514533.04,-3634994.1,15.938587,4.033119
1514543.04,-3634994.1,15.629989,4.03215
1514553.04,-3634994.1,15.321812,4.032223
1514563.04,-3634994.1,15.014061,4.033344
1514573.04,-3634994.1,14.706741,4.035515
1514583.04,-3634994.1,14.399857,4.03874
1514593.04,-3634994.1,14.093413,4.04302
1514143.04,-3634984.1,18.311615,3.549262
1514153.04,-3634984.1,18.290394,3.557661
1514163.04,-3634984.1,18.269201,3.566539
1514173.04,-3634984.1,18.248056,3.575901
1514183.04,-3634984.1,18.226978,3.585753
1514193.04,-3634984.1,18.205984,3.596101
1514203.04,-3634984.1,18.18509,3.606949
1514213.04,-3634984.1,18.183098,3.617022
1514223.04,-3634984.1,18.329325,3.619536
1514233.04,-3634984.1,18.475695,3.626226
1514243.04,-3634984.1,18.622219,3.637077
1514253.04,-3634984.1,18.76891,3.652062
1514263.04,-3634984.1,18.915778,3.671139
1514273.04,-3634984.1,19.062835,3.69425
1514283.04,-3634984.1,19.210091,3.72133
1514293.04,-3634984.1,19.357557,3.752297
1514303.04,-3634984.1,19.505242,3.787064
1514313.04,-3634984.1,19.641814,3.822932
1514323.04,-3634984.1,19.689213,3.840138
1514333.04,-3634984.1,19.736862,3.857728
1514343.04,-3634984.1,19.784769,3.8757
1514353.04,-3634984.1,19.832944,3.894051
1514363.04,-3634984.1,19.881397,3.91278
1514373.04,-3634984.1,19.930137,3.931881
1514383.04,-3634984.1,19.979174,3.951353
1514393.04,-3634984.1,20.028517,3.971191
1514403.04,-3634984.1,20.078174,3.99139
1514413.04,-3634984.1,20.079621,4.007089
1514423.04,-3634984.1,19.698801,3.987432
1514433.04,-3634984.1,19.318323,3.972835
1514443.04,-3634984.1,18.938195,3.963353
1514453.04,-3634984.1,18.558426,3.959025
1514463.04,-3634984.1,18.179024,3.959867
1514473.04,-3634984.1,17.799996,3.965879
1514483.04,-3634984.1,17.421351,3.977036
1514493.04,-3634984.1,17.043096,3.993299
1514503.04,-3634984.1,16.665237,4.014607
1514513.04,-3634984.1,16.2966,4.037332
1514523.04,-3634984.1,15.99788,4.034839
1514533.04,-3634984.1,15.699576,4.033388
1514543.04,-3634984.1,15.401695,4.032984
1514553.04,-3634984.1,15.104241,4.03363
1514563.04,-3634984.1,14.80722,4.035331
1514573.04,-3634984.1,14.510637,4.038088
1514583.04,-3634984.1,14.214495,4.041904
1514593.04,-3634984.1,13.918799,4.04678
1514143.04,-3634974.1,18.271502,3.559421
1514153.04,-3634974.1,18.268897,3.567853
1514163.04,-3634974.1,18.266341,3.577049
1514173.04,-3634974.1,18.263856,3.587014
1514183.04,-3634974.1,18.261461,3.597748
1514193.04,-3634974.1,18.259173,3.609254
1514203.04,-3634974.1,18.257009,3.621533
1514213.04,-3634974.1,18.270877,3.632617
1514223.04,-3634974.1,18.410191,3.631453
1514233.04,-3634974.1,18.54967,3.635582
1514243.04,-3634974.1,18.689327,3.644994
1514253.04,-3634974.1,18.829174,3.659657
1514263.04,-3634974.1,18.969221,3.679518
1514273.04,-3634974.1,19.109481,3.704499
1514283.04,-3634974.1,19.249962,3.734506
1514293.04,-3634974.1,19.390674,3.769425
1514303.04,-3634974.1,19.531628,3.809128
1514313.04,-3634974.1,19.659161,3.849847
1514323.04,-3634974.1,19.679176,3.864166
1514333.04,-3634974.1,19.69946,3.878752
1514343.04,-3634974.1,19.720023,3.893607
1514353.04,-3634974.1,19.740873,3.908731
1514363.04,-3634974.1,19.76202,3.924125
1514373.04,-3634974.1,19.783472,3.939787
1514383.04,-3634974.1,19.805238,3.955716
1514393.04,-3634974.1,19.827326,3.971911
1514403.04,-3634974.1,19.849745,3.98837
1514413.04,-3634974.1,19.826915,4.000493
1514423.04,-3634974.1,19.445067,3.9795
1514433.04,-3634974.1,19.063575,3.964001
1514443.04,-3634974.1,18.682446,3.95406
1514453.04,-3634974.1,18.301689,3.949722
1514463.04,-3634974.1,17.92131,3.951007
1514473.04,-3634974.1,17.541317,3.957908
1514483.04,-3634974.1,17.161717,3.9704
1514493.04,-3634974.1,16.782516,3.988431
1514503.04,-3634974.1,16.403723,4.011928
1514513.04,-3634974.1,16.035468,4.036994
1514523.04,-3634974.1,15.747457,4.035016
1514533.04,-3634974.1,15.45987,4.034095
1514543.04,-3634974.1,15.172713,4.034235
1514553.04,-3634974.1,14.885991,4.03544
1514563.04,-3634974.1,14.599708,4.037712
1514573.04,-3634974.1,14.313869,4.041054
1514583.04,-3634974.1,14.028478,4.045467
1514593.04,-3634974.1,13.743537,4.050951
1514143.04,-3634964.1,18.08982,3.559934
1514153.04,-3634964.1,18.100913,3.567427
1514163.04,-3634964.1,18.112079,3.575909
1514173.04,-3634964.1,18.123338,3.585378
1514183.04,-3634964.1,18.13471,3.595836
1514193.04,-3634964.1,18.146213,3.607283
1514203.04,-3634964.1,18.157863,3.619718
1514213.04,-3634964.1,18.182852,3.631106
1514223.04,-3634964.1,18.311895,3.629652
1514233.04,-3634964.1,18.441128,3.633159
1514243.04,-3634964.1,18.570562,3.64162
1514253.04,-3634964.1,18.700208,3.655009
1514263.04,-3634964.1,18.830078,3.673282
1514273.04,-3634964.1,18.960182,3.696373
1514283.04,-3634964.1,19.09053,3.7242
1514293.04,-3634964.1,19.221132,3.756665
1514303.04,-3634964.1,19.351996,3.793654
1514313.04,-3634964.1,19.468968,3.831773
1514323.04,-3634964.1,19.474562,3.846137
1514333.04,-3634964.1,19.480445,3.860702
1514343.04,-3634964.1,19.486626,3.875468
1514353.04,-3634964.1,19.493114,3.890439
1514363.04,-3634964.1,19.499916,3.905613
1514373.04,-3634964.1,19.50704,3.920993
1514383.04,-3634964.1,19.514495,3.936577
1514393.04,-3634964.1,19.522289,3.952367
1514403.04,-3634964.1,19.530429,3.96836
1514413.04,-3634964.1,19.494426,3.98018
1514423.04,-3634964.1,19.108013,3.960557
1514433.04,-3634964.1,18.72197,3.946328
1514443.04,-3634964.1,18.336302,3.937552
1514453.04,-3634964.1,17.951018,3.934267
1514463.04,-3634964.1,17.566125,3.936489
1514473.04,-3634964.1,17.181628,3.944209
1514483.04,-3634964.1,16.797535,3.957398
1514493.04,-3634964.1,16.413851,3.976001
1514503.04,-3634964.1,16.030583,3.999946
1514513.04,-3634964.1,15.662517,4.025404
1514523.04,-3634964.1,15.41139,4.024194
1514533.04,-3634964.1,15.160695,4.023865
1514543.04,-3634964.1,14.910437,4.024421
1514553.04,-3634964.1,14.660621,4.025863
1514563.04,-3634964.1,14.411251,4.028195
1514573.04,-3634964.1,14.162331,4.031418
1514583.04,-3634964.1,13.913865,4.035536
1514593.04,-3634964.1,13.665855,4.040548
1514143.04,-3634954.1,17.847619,3.558289
1514153.04,-3634954.1,17.870346,3.564148
1514163.04,-3634954.1,17.893169,3.571195
1514173.04,-3634954.1,17.916108,3.579432
1514183.04,-3634954.1,17.939183,3.588856
1514193.04,-3634954.1,17.962412,3.599467
1514203.04,-3634954.1,17.985812,3.611264
1514213.04,-3634954.1,18.019932,3.622448
1514223.04,-3634954.1,18.137301,3.62229
1514233.04,-3634954.1,18.254882,3.626218
1514243.04,-3634954.1,18.372686,3.634229
1514253.04,-3634954.1,18.490726,3.646304
1514263.04,-3634954.1,18.609013,3.662411
1514273.04,-3634954.1,18.727555,3.682505
1514283.04,-3634954.1,18.846362,3.706529
1514293.04,-3634954.1,18.965444,3.734413
1514303.04,-3634954.1,19.08481,3.766079
1514313.04,-3634954.1,19.190588,3.798954
1514323.04,-3634954.1,19.187245,3.813978
1514333.04,-3634954.1,19.18421,3.829221
1514343.04,-3634954.1,19.181492,3.844686
1514353.04,-3634954.1,19.179099,3.860374
1514363.04,-3634954.1,19.177037,3.876285
1514373.04,-3634954.1,19.175316,3.89242
1514383.04,-3634954.1,19.173941,3.90878
1514393.04,-3634954.1,19.17292,3.925363
1514403.04,-3634954.1,19.172261,3.942169
1514413.04,-3634954.1,19.12778,3.95503
1514423.04,-3634954.1,18.735315,3.937929
1514433.04,-3634954.1,18.343233,3.925904
1514443.04,-3634954.1,17.95154,3.919002
1514453.04,-3634954.1,17.560242,3.917252
1514463.04,-3634954.1,17.169346,3.920663
1514473.04,-3634954.1,16.778857,3.929222
1514483.04,-3634954.1,16.388782,3.942898
1514493.04,-3634954.1,15.999126,3.96164
1514503.04,-3634954.1,15.609895,3.985378
1514513.04,-3634954.1,15.241942,4.010443
1514523.04,-3634954.1,15.038757,4.009792
1514533.04,-3634954.1,14.836013,4.009812
1514543.04,-3634954.1,14.633712,4.010505
1514553.04,-3634954.1,14.431861,4.011874
1514563.04,-3634954.1,14.230462,4.013923
1514573.04,-3634954.1,14.029519,4.016653
1514583.04,-3634954.1,13.829036,4.020067
1514593.04,-3634954.1,13.629015,4.024168
1514143.04,-3634944.1,17.604138,3.559473
1514153.04,-3634944.1,17.638517,3.563316
1514163.04,-3634944.1,17.673016,3.568574
1514173.04,-3634944.1,17.707656,3.575247
1514183.04,-3634944.1,17.742455,3.583336
1514193.04,-3634944.1,17.777432,3.592837
1514203.04,-3634944.1,17.812603,3.60375
1514213.04,-3634944.1,17.855875,3.614526
1514223.04,-3634944.1,17.961589,3.615624
1514233.04,-3634944.1,18.067539,3.620065
1514243.04,-3634944.1,18.173735,3.627845
1514253.04,-3634944.1,18.280188,3.638952
1514263.04,-3634944.1,18.386909,3.653363
1514273.04,-3634944.1,18.493908,3.671047
1514283.04,-3634944.1,18.601194,3.691966
1514293.04,-3634944.1,18.708775,3.71607
1514303.04,-3634944.1,18.81666,3.743307
1514313.04,-3634944.1,18.91126,3.771695
1514323.04,-3634944.1,18.898996,3.786499
1514333.04,-3634944.1,18.88706,3.801647
1514343.04,-3634944.1,18.875458,3.817139
1514353.04,-3634944.1,18.864198,3.832977
1514363.04,-3634944.1,18.853288,3.849158
1514373.04,-3634944.1,18.842734,3.865684
1514383.04,-3634944.1,18.832543,3.882552
1514393.04,-3634944.1,18.822721,3.89976
1514403.04,-3634944.1,18.813276,3.917306
1514413.04,-3634944.1,18.760328,3.931218
1514423.04,-3634944.1,18.361823,3.916612
1514433.04,-3634944.1,17.963714,3.906779
1514443.04,-3634944.1,17.566006,3.901756
1514453.04,-3634944.1,17.168705,3.901564
1514463.04,-3634944.1,16.771817,3.906206
1514473.04,-3634944.1,16.375346,3.915665
1514483.04,-3634944.1,15.9793,3.929908
1514493.04,-3634944.1,15.583682,3.948887
1514503.04,-3634944.1,15.188498,3.972535
1514513.04,-3634944.1,14.820666,3.99728
1514523.04,-3634944.1,14.665434,3.996799
1514533.04,-3634944.1,14.510649,3.996838
1514543.04,-3634944.1,14.356315,3.997398
1514553.04,-3634944.1,14.202437,3.998483
1514563.04,-3634944.1,14.049018,4.000095
1514573.04,-3634944.1,13.896062,4.002238
1514583.04,-3634944.1,13.743571,4.004915
1514593.04,-3634944.1,13.591548,4.008128
1514143.04,-3634934.1,17.35935,3.563486
1514153.04,-3634934.1,17.405403,3.564935
1514163.04,-3634934.1,17.4516,3.568051
1514173.04,-3634934.1,17.497962,3.572834
1514183.04,-3634934.1,17.544507,3.579285
1514193.04,-3634934.1,17.591253,3.587404
1514203.04,-3634934.1,17.638217,3.597186
1514213.04,-3634934.1,17.690663,3.607346
1514223.04,-3634934.1,17.784745,3.609662
1514233.04,-3634934.1,17.879084,3.614706
1514243.04,-3634934.1,17.973692,3.622476
1514253.04,-3634934.1,18.068579,3.632964
1514263.04,-3634934.1,18.163756,3.646154
1514273.04,-3634934.1,18.259232,3.662025
1514283.04,-3634934.1,18.355015,3.68055
1514293.04,-3634934.1,18.451113,3.701696
1514303.04,-3634934.1,18.547536,3.725426
1514313.04,-3634934.1,18.630976,3.75012
1514323.04,-3634934.1,18.609809,3.763804
1514333.04,-3634934.1,18.588987,3.778065
1514343.04,-3634934.1,18.568517,3.792899
1514353.04,-3634934.1,18.548407,3.808305
1514363.04,-3634934.1,18.528663,3.82428
1514373.04,-3634934.1,18.509291,3.840821
1514383.04,-3634934.1,18.490298,3.857924
1514393.04,-3634934.1,18.471689,3.875584
1514403.04,-3634934.1,18.45347,3.893796
1514413.04,-3634934.1,18.392069,3.908769
1514423.04,-3634934.1,17.987537,3.896626
1514433.04,-3634934.1,17.583413,3.88897
1514443.04,-3634934.1,17.179702,3.88583
1514453.04,-3634934.1,16.776409,3.887218
1514463.04,-3634934.1,16.37354,3.89313
1514473.04,-3634934.1,15.971099,3.90355
1514483.04,-3634934.1,15.569091,3.918441
1514493.04,-3634934.1,15.167522,3.937757
1514503.04,-3634934.1,14.766395,3.961433
1514513.04,-3634934.1,14.398695,3.985929
1514523.04,-3634934.1,14.291424,3.985227
1514533.04,-3634934.1,14.184608,3.984952
1514543.04,-3634934.1,14.078251,3.985106
1514553.04,-3634934.1,13.972357,3.985693
1514563.04,-3634934.1,13.866927,3.986716
1514573.04,-3634934.1,13.761966,3.988177
1514583.04,-3634934.1,13.657476,3.990081
1514593.04,-3634934.1,13.55346,3.992431
1514143.04,-3634924.1,17.113232,3.570323
1514153.04,-3634924.1,17.170981,3.569008
1514163.04,-3634924.1,17.228898,3.569632
1514173.04,-3634924.1,17.287004,3.572199
1514183.04,-3634924.1,17.345318,3.576714
1514193.04,-3634924.1,17.403857,3.583175
1514203.04,-3634924.1,17.462637,3.591581
1514213.04,-3634924.1,17.524279,3.600918
1514223.04,-3634924.1,17.606751,3.60441
1514233.04,-3634924.1,17.689503,3.610148
1514243.04,-3634924.1,17.772545,3.61813
1514253.04,-3634924.1,17.855888,3.62835
1514263.04,-3634924.1,17.939541,3.640798
1514273.04,-3634924.1,18.023514,3.655458
1514283.04,-3634924.1,18.107814,3.672312
1514293.04,-3634924.1,18.19245,3.691339
1514303.04,-3634924.1,18.277429,3.712511
1514313.04,-3634924.1,18.349729,3.734327
1514323.04,-3634924.1,18.319675,3.745982
1514333.04,-3634924.1,18.289985,3.758551
1514343.04,-3634924.1,18.260665,3.77203
1514353.04,-3634924.1,18.231721,3.786413
1514363.04,-3634924.1,18.203159,3.801695
1514373.04,-3634924.1,18.174985,3.81787
1514383.04,-3634924.1,18.147204,3.834928
1514393.04,-3634924.1,18.119822,3.852862
1514403.04,-3634924.1,18.092844,3.871662
1514413.04,-3634924.1,18.023003,3.887706
1514423.04,-3634924.1,17.612457,3.877992
1514433.04,-3634924.1,17.20233,3.872496
1514443.04,-3634924.1,16.792628,3.871238
1514453.04,-3634924.1,16.383356,3.874226
1514463.04,-3634924.1,15.974517,3.881451
1514473.04,-3634924.1,15.566117,3.89289
1514483.04,-3634924.1,15.15816,3.90851
1514493.04,-3634924.1,14.75065,3.928261
1514503.04,-3634924.1,14.343591,3.952085
1514513.04,-3634924.1,13.976033,3.976407
1514523.04,-3634924.1,13.916734,3.975087
1514533.04,-3634924.1,13.857898,3.974163
1514543.04,-3634924.1,13.799527,3.973636
1514553.04,-3634924.1,13.741625,3.97351
1514563.04,-3634924.1,13.684195,3.973788
1514573.04,-3634924.1,13.627239,3.974474
1514583.04,-3634924.1,13.57076,3.97557
1514593.04,-3634924.1,13.514761,3.977081
1514143.04,-3634914.1,16.865759,3.579973
1514153.04,-3634914.1,16.935227,3.57553
1514163.04,-3634914.1,17.004888,3.573319
1514173.04,-3634914.1,17.074763,3.57335
1514183.04,-3634914.1,17.14487,3.57563
1514193.04,-3634914.1,17.215226,3.580162
1514203.04,-3634914.1,17.285845,3.586945
1514213.04,-3634914.1,17.356709,3.59525
1514223.04,-3634914.1,17.427594,3.599877
1514233.04,-3634914.1,17.498781,3.606399
1514243.04,-3634914.1,17.57028,3.614815
1514253.04,-3634914.1,17.642101,3.62512
1514263.04,-3634914.1,17.714254,3.637306
1514273.04,-3634914.1,17.786745,3.651363
1514283.04,-3634914.1,17.859584,3.667279
1514293.04,-3634914.1,17.932777,3.685035
1514303.04,-3634914.1,18.006333,3.704614
1514313.04,-3634914.1,18.06751,3.724393
1514323.04,-3634914.1,18.02859,3.733105
1514333.04,-3634914.1,17.99005,3.743172
1514343.04,-3634914.1,17.951897,3.75459
1514353.04,-3634914.1,17.914136,3.767351
1514363.04,-3634914.1,17.876772,3.781446
1514373.04,-3634914.1,17.839812,3.796864
1514383.04,-3634914.1,17.803259,3.813594
1514393.04,-3634914.1,17.767119,3.831621
1514403.04,-3634914.1,17.731397,3.850929
1514413.04,-3634914.1,17.65313,3.868052
1514423.04,-3634914.1,17.236583,3.860728
1514433.04,-3634914.1,16.820468,3.857372
1514443.04,-3634914.1,16.404788,3.857998
1514453.04,-3634914.1,15.989549,3.862604
1514463.04,-3634914.1,15.574753,3.871179
1514473.04,-3634914.1,15.160406,3.883698
1514483.04,-3634914.1,14.746511,3.900126
1514493.04,-3634914.1,14.333071,3.920414
1514503.04,-3634914.1,13.920091,3.944505
1514513.04,-3634914.1,13.552686,3.968726
1514523.04,-3634914.1,13.54137,3.966392
1514533.04,-3634914.1,13.530523,3.964481
1514543.04,-3634914.1,13.520149,3.962996
1514553.04,-3634914.1,13.51025,3.96194
1514563.04,-3634914.1,13.500829,3.961318
1514573.04,-3634914.1,13.491888,3.961132
1514583.04,-3634914.1,13.483429,3.961386
1514593.04,-3634914.1,13.475456,3.962083
1514143.04,-3634904.1,16.616905,3.592419
1514153.04,-3634904.1,16.698117,3.584494
1514163.04,-3634904.1,16.779548,3.579111
1514173.04,-3634904.1,16.861218,3.576289
1514183.04,-3634904.1,16.943143,3.576039
1514193.04,-3634904.1,17.025341,3.57837
1514203.04,-3634904.1,17.107826,3.583286
1514213.04,-3634904.1,17.187935,3.59035
1514223.04,-3634904.1,17.247259,3.596069
1514233.04,-3634904.1,17.306906,3.603466
1514243.04,-3634904.1,17.366886,3.612537
1514253.04,-3634904.1,17.427209,3.62328
1514263.04,-3634904.1,17.487883,3.635688
1514273.04,-3634904.1,17.548916,3.649753
1514283.04,-3634904.1,17.610315,3.665465
1514293.04,-3634904.1,17.672087,3.682809
1514303.04,-3634904.1,17.734239,3.701772
1514313.04,-3634904.1,17.784316,3.720368
1514323.04,-3634904.1,17.736548,3.725225
1514333.04,-3634904.1,17.689177,3.73198
1514343.04,-3634904.1,17.642209,3.740628
1514353.04,-3634904.1,17.595649,3.751162
1514363.04,-3634904.1,17.549502,3.763571
1514373.04,-3634904.1,17.503771,3.77784
1514383.04,-3634904.1,17.458463,3.793952
1514393.04,-3634904.1,17.413581,3.811887
1514403.04,-3634904.1,17.369129,3.831622
1514413.04,-3634904.1,17.282452,3.84983
1514423.04,-3634904.1,16.859919,3.844855
1514433.04,-3634904.1,16.437828,3.843617
1514443.04,-3634904.1,16.016185,3.846123
1514453.04,-3634904.1,15.594991,3.852365
1514463.04,-3634904.1,15.174252,3.862328
1514473.04,-3634904.1,14.753969,3.875986
1514483.04,-3634904.1,14.334148,3.8933
1514493.04,-3634904.1,13.914791,3.914224
1514503.04,-3634904.1,13.495901,3.938703
1514513.04,-3634904.1,13.128661,3.962898
1514523.04,-3634904.1,13.165338,3.959151
1514533.04,-3634904.1,13.202492,3.955915
1514543.04,-3634904.1,13.240124,3.953193
1514553.04,-3634904.1,13.278238,3.950991
1514563.04,-3634904.1,13.316836,3.94931
1514573.04,-3634904.1,13.35592,3.948157
1514583.04,-3634904.1,13.395492,3.947533
1514593.04,-3634904.1,13.435554,3.947444
1514143.04,-3634894.1,16.366647,3.607638
1514153.04,-3634894.1,16.45963,3.595888
1514163.04,-3634894.1,16.552858,3.587005
1514173.04,-3634894.1,16.646348,3.581018
1514183.04,-3634894.1,16.74012,3.577948
1514193.04,-3634894.1,16.834187,3.57781
1514203.04,-3634894.1,16.928564,3.580612
1514213.04,-3634894.1,17.017945,3.586226
1514223.04,-3634894.1,17.065734,3.592995
1514233.04,-3634894.1,17.113866,3.601354
1514243.04,-3634894.1,17.162353,3.611303
1514253.04,-3634894.1,17.211201,3.622837
1514263.04,-3634894.1,17.260421,3.63595
1514273.04,-3634894.1,17.310018,3.650634
1514283.04,-3634894.1,17.36,3.666879
1514293.04,-3634894.1,17.410373,3.684672
1514303.04,-3634894.1,17.461144,3.703999
1514313.04,-3634894.1,17.50014,3.722274
1514323.04,-3634894.1,17.443545,3.722378
1514333.04,-3634894.1,17.387363,3.725016
1514343.04,-3634894.1,17.331599,3.730188
1514353.04,-3634894.1,17.276259,3.737888
1514363.04,-3634894.1,17.221345,3.748107
1514373.04,-3634894.1,17.166863,3.760828
1514383.04,-3634894.1,17.112816,3.77603
1514393.04,-3634894.1,17.059208,3.793685
1514403.04,-3634894.1,17.006043,3.813763
1514413.04,-3634894.1,16.91097,3.833061
1514423.04,-3634894.1,16.482465,3.830392
1514433.04,-3634894.1,16.054415,3.831248
1514443.04,-3634894.1,15.626821,3.835628
1514453.04,-3634894.1,15.199687,3.843522
1514463.04,-3634894.1,14.773017,3.85491
1514473.04,-3634894.1,14.346812,3.869763
1514483.04,-3634894.1,13.921077,3.888043
1514493.04,-3634894.1,13.495815,3.909704
1514503.04,-3634894.1,13.071027,3.934691
1514513.04,-3634894.1,12.703963,3.958935
1514523.04,-3634894.1,12.788645,3.953376
1514533.04,-3634894.1,12.87381,3.948475
1514543.04,-3634894.1,12.95946,3.944238
1514553.04,-3634894.1,13.045598,3.940669
1514563.04,-3634894.1,13.132225,3.937774
1514573.04,-3634894.1,13.219344,3.935555
1514583.04,-3634894.1,13.306956,3.934019
1514593.04,-3634894.1,13.395064,3.93317
1514143.04,-3634884.1,16.11496,3.625603
1514153.04,-3634884.1,16.219743,3.609696
1514163.04,-3634884.1,16.324796,3.596994
1514173.04,-3634884.1,16.430137,3.587538
1514183.04,-3634884.1,16.535783,3.58136
1514193.04,-3634884.1,16.641748,3.578486
1514203.04,-3634884.1,16.748045,3.578932
1514213.04,-3634884.1,16.846726,3.582888
1514223.04,-3634884.1,16.883006,3.590661
1514233.04,-3634884.1,16.91965,3.600072
1514243.04,-3634884.1,16.956669,3.61112
1514253.04,-3634884.1,16.994069,3.623797
1514263.04,-3634884.1,17.031858,3.638097
1514273.04,-3634884.1,17.070044,3.654009
1514283.04,-3634884.1,17.108633,3.671522
1514293.04,-3634884.1,17.14763,3.690621
1514303.04,-3634884.1,17.187042,3.711289
1514313.04,-3634884.1,17.214978,3.730105
1514323.04,-3634884.1,17.149577,3.724579
1514333.04,-3634884.1,17.084605,3.722307
1514343.04,-3634884.1,17.020066,3.7233
1514353.04,-3634884.1,16.955964,3.727563
1514363.04,-3634884.1,16.892302,3.735088
1514373.04,-3634884.1,16.829086,3.74586
1514383.04,-3634884.1,16.766318,3.759855
1514393.04,-3634884.1,16.704001,3.777041
1514403.04,-3634884.1,16.642139,3.797377
1514413.04,-3634884.1,16.538687,3.817769
1514423.04,-3634884.1,16.104227,3.817359
1514433.04,-3634884.1,15.670231,3.82028
1514443.04,-3634884.1,15.236701,3.826528
1514453.04,-3634884.1,14.803641,3.836088
1514463.04,-3634884.1,14.371054,3.848936
1514473.04,-3634884.1,13.938941,3.865041
1514483.04,-3634884.1,13.507305,3.884365
1514493.04,-3634884.1,13.07615,3.906861
1514503.04,-3634884.1,12.645476,3.932476
1514513.04,-3634884.1,12.2786,3.956845
1514523.04,-3634884.1,12.411298,3.949076
1514533.04,-3634884.1,12.544486,3.942172
1514543.04,-3634884.1,12.678164,3.93614
1514553.04,-3634884.1,12.812337,3.930985
1514563.04,-3634884.1,12.947004,3.926715
1514573.04,-3634884.1,13.082168,3.923336
1514583.04,-3634884.1,13.217831,3.920852
1514593.04,-3634884.1,13.353994,3.919269
1514143.04,-3634874.1,15.86182,3.646283
1514153.04,-3634874.1,15.978433,3.6259
1514163.04,-3634874.1,16.095343,3.609068
1514173.04,-3634874.1,16.212565,3.595846
1514183.04,-3634874.1,16.330116,3.586279
1514193.04,-3634874.1,16.448009,3.580407
1514203.04,-3634874.1,16.566256,3.578255
1514213.04,-3634874.1,16.674265,3.580344
1514223.04,-3634874.1,16.699065,3.589075
1514233.04,-3634874.1,16.724249,3.599626
1514243.04,-3634874.1,16.749826,3.611992
1514253.04,-3634874.1,16.775804,3.626164
1514263.04,-3634874.1,16.80219,3.642129
1514273.04,-3634874.1,16.82899,3.659876
1514283.04,-3634874.1,16.856209,3.679386
1514293.04,-3634874.1,16.883854,3.70064
1514303.04,-3634874.1,16.91193,3.723617
1514313.04,-3634874.1,16.92883,3.743828
1514323.04,-3634874.1,16.854644,3.731822
1514333.04,-3634874.1,16.780902,3.723866
1514343.04,-3634874.1,16.707608,3.71999
1514353.04,-3634874.1,16.634764,3.720214
1514363.04,-3634874.1,16.562375,3.724541
1514373.04,-3634874.1,16.490443,3.732963
1514383.04,-3634874.1,16.418972,3.745454
1514393.04,-3634874.1,16.347964,3.761978
1514403.04,-3634874.1,16.277423,3.782486
1514413.04,-3634874.1,16.165607,3.803975
1514423.04,-3634874.1,15.725207,3.805773
1514433.04,-3634874.1,15.285281,3.81073
1514443.04,-3634874.1,14.845831,3.818837
1514453.04,-3634874.1,14.40686,3.830075
1514463.04,-3634874.1,13.968369,3.844417
1514473.04,-3634874.1,13.530361,3.86183
1514483.04,-3634874.1,13.092838,3.882275
1514493.04,-3634874.1,12.655803,3.905705
1514503.04,-3634874.1,12.219256,3.932068
1514513.04,-3634874.1,11.85258,3.956635
1514523.04,-3634874.1,12.033306,3.946262
1514533.04,-3634874.1,12.214528,3.937016
1514543.04,-3634874.1,12.396247,3.928908
1514553.04,-3634874.1,12.578464,3.921948
1514563.04,-3634874.1,12.761182,3.916144
1514573.04,-3634874.1,12.944402,3.911506
1514583.04,-3634874.1,13.128126,3.908039
1514593.04,-3634874.1,13.312355,3.905752
1514143.04,-3634864.1,15.897798,3.626754
1514153.04,-3634864.1,16.009599,3.609093
1514163.04,-3634864.1,16.121723,3.594728
1514173.04,-3634864.1,16.234184,3.583706
1514183.04,-3634864.1,16.346996,3.576066
1514193.04,-3634864.1,16.460173,3.571839
1514203.04,-3634864.1,16.573725,3.571046
1514213.04,-3634864.1,16.678239,3.574181
1514223.04,-3634864.1,16.708856,3.583553
1514233.04,-3634864.1,16.739877,3.594553
1514243.04,-3634864.1,16.77131,3.607176
1514253.04,-3634864.1,16.803161,3.621414
1514263.04,-3634864.1,16.835437,3.637259
1514273.04,-3634864.1,16.868144,3.6547
1514283.04,-3634864.1,16.901288,3.673724
1514293.04,-3634864.1,16.934873,3.694315
1514303.04,-3634864.1,16.968903,3.716456
1514313.04,-3634864.1,16.987335,3.735954
1514323.04,-3634864.1,16.879702,3.725292
1514333.04,-3634864.1,16.772526,3.718356
1514343.04,-3634864.1,16.665812,3.715171
1514353.04,-3634864.1,16.559562,3.715754
1514363.04,-3634864.1,16.453778,3.720108
1514373.04,-3634864.1,16.348465,3.728224
1514383.04,-3634864.1,16.243624,3.740081
1514393.04,-3634864.1,16.139257,3.755648
1514403.04,-3634864.1,16.035368,3.774881
1514413.04,-3634864.1,15.896147,3.795237
1514423.04,-3634864.1,15.47511,3.79909
1514433.04,-3634864.1,15.054556,3.805697
1514443.04,-3634864.1,14.634487,3.815045
1514453.04,-3634864.1,14.214905,3.827115
1514463.04,-3634864.1,13.795812,3.841883
1514473.04,-3634864.1,13.377209,3.859318
1514483.04,-3634864.1,12.959099,3.879386
1514493.04,-3634864.1,12.541482,3.902047
1514503.04,-3634864.1,12.124361,3.927258
1514513.04,-3634864.1,11.775805,3.950422
1514523.04,-3634864.1,11.964313,3.939465
1514533.04,-3634864.1,12.153322,3.929671
1514543.04,-3634864.1,12.342834,3.92105
1514553.04,-3634864.1,12.532849,3.913613
1514563.04,-3634864.1,12.72337,3.907369
1514573.04,-3634864.1,12.914398,3.902326
1514583.04,-3634864.1,13.105934,3.898492
1514593.04,-3634864.1,13.29798,3.895876
1514143.04,-3634854.1,16.054989,3.593789
1514153.04,-3634854.1,16.154974,3.581608
1514163.04,-3634854.1,16.255305,3.572225
1514173.04,-3634854.1,16.355997,3.565668
1514183.04,-3634854.1,16.457063,3.561964
1514193.04,-3634854.1,16.558515,3.561129
1514203.04,-3634854.1,16.660364,3.563176
1514213.04,-3634854.1,16.755986,3.568455
1514223.04,-3634854.1,16.799743,3.57846
1514233.04,-3634854.1,16.843922,3.589763
1514243.04,-3634854.1,16.888531,3.602364
1514253.04,-3634854.1,16.933575,3.616259
1514263.04,-3634854.1,16.979062,3.631443
1514273.04,-3634854.1,17.024995,3.647912
1514283.04,-3634854.1,17.07138,3.665657
1514293.04,-3634854.1,17.118222,3.68467
1514303.04,-3634854.1,17.165525,3.70494
1514313.04,-3634854.1,17.190809,3.723021
1514323.04,-3634854.1,17.039327,3.716258
1514333.04,-3634854.1,16.888316,3.712513
1514343.04,-3634854.1,16.73778,3.711802
1514353.04,-3634854.1,16.58772,3.714131
1514363.04,-3634854.1,16.438139,3.7195
1514373.04,-3634854.1,16.289039,3.727901
1514383.04,-3634854.1,16.140423,3.739317
1514393.04,-3634854.1,15.992292,3.753723
1514403.04,-3634854.1,15.844649,3.771087
1514413.04,-3634854.1,15.66999,3.789425
1514423.04,-3634854.1,15.279011,3.794971
1514433.04,-3634854.1,14.888524,3.802796
1514443.04,-3634854.1,14.49853,3.812888
1514453.04,-3634854.1,14.109031,3.825229
1514463.04,-3634854.1,13.720028,3.839799
1514473.04,-3634854.1,13.331523,3.856573
1514483.04,-3634854.1,12.943517,3.875523
1514493.04,-3634854.1,12.556011,3.896619
1514503.04,-3634854.1,12.169007,3.919827
1514513.04,-3634854.1,11.846144,3.940892
1514523.04,-3634854.1,12.025446,3.930228
1514533.04,-3634854.1,12.205254,3.920673
1514543.04,-3634854.1,12.38557,3.912238
1514553.04,-3634854.1,12.566394,3.904932
1514563.04,-3634854.1,12.747729,3.898765
1514573.04,-3634854.1,12.929575,3.893743
1514583.04,-3634854.1,13.111934,3.889876
1514593.04,-3634854.1,13.294807,3.88717
1514143.04,-3634844.1,16.210664,3.565985
1514153.04,-3634844.1,16.298869,3.558823
1514163.04,-3634844.1,16.387445,3.553982
1514173.04,-3634844.1,16.476405,3.551479
1514183.04,-3634844.1,16.56576,3.551328
1514193.04,-3634844.1,16.655523,3.553538
1514203.04,-3634844.1,16.745701,3.558117
1514213.04,-3634844.1,16.832465,3.565312
1514223.04,-3634844.1,16.889394,3.57608
1514233.04,-3634844.1,16.946762,3.587888
1514243.04,-3634844.1,17.004577,3.600737
1514253.04,-3634844.1,17.062844,3.614628
1514263.04,-3634844.1,17.121569,3.62956
1514273.04,-3634844.1,17.180756,3.645531
1514283.04,-3634844.1,17.24041,3.662538
1514293.04,-3634844.1,17.300534,3.680576
1514303.04,-3634844.1,17.361134,3.699639
1514313.04,-3634844.1,17.393295,3.716802
1514323.04,-3634844.1,17.197988,3.712768
1514333.04,-3634844.1,17.003165,3.711181
1514343.04,-3634844.1,16.808828,3.712049
1514353.04,-3634844.1,16.61498,3.715375
1514363.04,-3634844.1,16.421623,3.72116
1514373.04,-3634844.1,16.228757,3.729395
1514383.04,-3634844.1,16.036386,3.740068
1514393.04,-3634844.1,15.844511,3.753161
1514403.04,-3634844.1,15.653132,3.768651
1514413.04,-3634844.1,15.443054,3.78504
1514423.04,-3634844.1,15.08215,3.791909
1514433.04,-3634844.1,14.721746,3.800626
1514443.04,-3634844.1,14.361844,3.81118
1514453.04,-3634844.1,14.002443,3.823556
1514463.04,-3634844.1,13.643546,3.837736
1514473.04,-3634844.1,13.285154,3.853703
1514483.04,-3634844.1,12.927266,3.871433
1514493.04,-3634844.1,12.569885,3.890903
1514503.04,-3634844.1,12.21301,3.912087
1514513.04,-3634844.1,11.915855,3.931055
1514523.04,-3634844.1,12.085964,3.920581
1514533.04,-3634844.1,12.256583,3.911193
1514543.04,-3634844.1,12.427714,3.9029
1514553.04,-3634844.1,12.599359,3.895712
1514563.04,-3634844.1,12.771518,3.889636
1514573.04,-3634844.1,12.944193,3.884681
1514583.04,-3634844.1,13.117385,3.880855
1514593.04,-3634844.1,13.291095,3.878164
1514143.04,-3634834.1,16.364802,3.543473
1514153.04,-3634834.1,16.441268,3.54084
1514163.04,-3634834.1,16.518129,3.540077
1514173.04,-3634834.1,16.595395,3.541194
1514183.04,-3634834.1,16.673078,3.544198
1514193.04,-3634834.1,16.751187,3.549096
1514203.04,-3634834.1,16.82973,3.555891
1514213.04,-3634834.1,16.907669,3.564769
1514223.04,-3634834.1,16.977803,3.576426
1514233.04,-3634834.1,17.048393,3.588938
1514243.04,-3634834.1,17.119445,3.602306
1514253.04,-3634834.1,17.190965,3.616534
1514263.04,-3634834.1,17.262957,3.631623
1514273.04,-3634834.1,17.335426,3.647573
1514283.04,-3634834.1,17.408376,3.664385
1514293.04,-3634834.1,17.481811,3.682056
1514303.04,-3634834.1,17.555733,3.700584
1514313.04,-3634834.1,17.594796,3.717335
1514323.04,-3634834.1,17.355688,3.714844
1514333.04,-3634834.1,17.117077,3.714369
1514343.04,-3634834.1,16.878963,3.715917
1514353.04,-3634834.1,16.641349,3.719491
1514363.04,-3634834.1,16.404236,3.72509
1514373.04,-3634834.1,16.167626,3.732709
1514383.04,-3634834.1,15.93152,3.74234
1514393.04,-3634834.1,15.695919,3.75397
1514403.04,-3634834.1,15.460824,3.767581
1514413.04,-3634834.1,15.215346,3.782093
1514423.04,-3634834.1,14.884535,3.789913
1514433.04,-3634834.1,14.554232,3.799195
1514443.04,-3634834.1,14.224437,3.809929
1514453.04,-3634834.1,13.895152,3.822103
1514463.04,-3634834.1,13.566376,3.835704
1514473.04,-3634834.1,13.238111,3.850715
1514483.04,-3634834.1,12.910357,3.867121
1514493.04,-3634834.1,12.583114,3.884904
1514503.04,-3634834.1,12.256384,3.904046
1514513.04,-3634834.1,11.984949,3.920919
1514523.04,-3634834.1,12.145876,3.910533
1514533.04,-3634834.1,12.307319,3.901238
1514543.04,-3634834.1,12.469278,3.893044
1514553.04,-3634834.1,12.631754,3.885958
1514563.04,-3634834.1,12.794749,3.879989
1514573.04,-3634834.1,12.958263,3.875146
1514583.04,-3634834.1,13.122298,3.871436
1514593.04,-3634834.1,13.286856,3.868865
1514143.04,-3634824.1,16.517389,3.526369
1514153.04,-3634824.1,16.58216,3.527744
1514163.04,-3634824.1,16.647346,3.530572
1514173.04,-3634824.1,16.712959,3.534858
1514183.04,-3634824.1,16.779008,3.540607
1514193.04,-3634824.1,16.845501,3.547824
1514203.04,-3634824.1,16.912446,3.556511
1514213.04,-3634824.1,16.981596,3.566834
1514223.04,-3634824.1,17.064969,3.579507
1514233.04,-3634824.1,17.148814,3.592919
1514243.04,-3634824.1,17.233135,3.607075
1514253.04,-3634824.1,17.317939,3.621978
1514263.04,-3634824.1,17.403228,3.637631
1514273.04,-3634824.1,17.489008,3.654037
1514283.04,-3634824.1,17.575282,3.671197
1514293.04,-3634824.1,17.662054,3.689111
1514303.04,-3634824.1,17.749325,3.707778
1514313.04,-3634824.1,17.795316,3.724623
1514323.04,-3634824.1,17.512432,3.722481
1514333.04,-3634824.1,17.230056,3.722071
1514343.04,-3634824.1,16.948188,3.7234
1514353.04,-3634824.1,16.666831,3.726473
1514363.04,-3634824.1,16.385985,3.731289
1514373.04,-3634824.1,16.105652,3.737846
1514383.04,-3634824.1,15.825832,3.746137
1514393.04,-3634824.1,15.546525,3.756154
1514403.04,-3634824.1,15.267733,3.767886
1514413.04,-3634824.1,14.986874,3.780594
1514423.04,-3634824.1,14.686174,3.788992
1514433.04,-3634824.1,14.38599,3.798512
1514443.04,-3634824.1,14.086321,3.809145
1514453.04,-3634824.1,13.787167,3.820881
1514463.04,-3634824.1,13.488529,3.833709
1514473.04,-3634824.1,13.190407,3.847619
1514483.04,-3634824.1,12.892801,3.862598
1514493.04,-3634824.1,12.595711,3.878634
1514503.04,-3634824.1,12.299138,3.895712
1514513.04,-3634824.1,12.053438,3.91049
1514523.04,-3634824.1,12.205197,3.90009
1514533.04,-3634824.1,12.357475,3.890815
1514543.04,-3634824.1,12.510273,3.882674
1514553.04,-3634824.1,12.663592,3.875677
1514563.04,-3634824.1,12.817434,3.869831
1514573.04,-3634824.1,12.971799,3.865145
1514583.04,-3634824.1,13.126688,3.861626
1514593.04,-3634824.1,13.282103,3.859282
